,a,b,c,d,e,f
a,0,32,48,51,50,48
b,32, 0,26,34,29,33
c,48,26,0,42,44,44
d,51,34,42,0,44,38
e,50,29,44,44,0,24
f,48,33,44,38,24,0
