,dog,bear,raccoon,weasel,seal,sea_lion
dog,0,32,48,51,50,48
bear,32, 0,26,34,29,33
raccoon,48,26,0,42,44,44
weasel,51,34,42,0,44,38
seal,50,29,44,44,0,24
sea_lion,48,33,44,38,24,0
