,a,b,c,d,e,f
a,0.00,14.29,23.81,38.10,35.32,30.35
b,14.29,0.00,12.28,29.82,22.37,17.81
c,23.81,12.28,0.00,18.70,11.39,7.17
d,38.10,29.82,18.70,0.00,11.39,11.39
e,35.32,22.37,11.39,11.39,0.00,7.17
f,30.35,17.81,7.17,11.39,7.17,0.00
