,a,b,c,d,e,f
a,0.00,4.38,4.38,8.37,13.22,9.87
b,4.38,0.00,8.37,12.35,13.22,14.16
c,4.38,8.37,0.00,4.38,9.09,5.58
d,8.37,12.35,4.38,0.00,12.35,13.22
e,13.22,13.22,9.09,12.35,0.00,18.45
f,9.87,14.16,5.58,13.22,18.45,0.00
