,a,b,c,d,e,f
a,0.00,15.06,15.06,11.20,26.64,34.36
b,15.06,0.00,26.64,15.06,22.78,30.50
c,15.06,26.64,0.00,15.06,30.50,42.08
d,11.20,15.06,15.06,0.00,18.92,30.50
e,26.64,22.78,30.50,18.92,0.00,15.06
f,34.36,30.50,42.08,30.50,15.06,0.00
