,a,b,c,d,e,f
a,0.00,5.88,17.65,21.57,25.49,25.49
b,5.88,0.00,13.73,17.65,21.57,21.57
c,17.65,13.73,0.00,17.65,21.57,21.57
d,21.57,17.65,17.65,0.00,17.53,17.53
e,25.49,21.57,21.57,17.53,0.00,0.34
f,25.49,21.57,21.57,17.53,0.34,0.00
