,a,b,c,d,e,f
a,0.00,18.27,18.27,37.93,58.62,51.72
b,18.27,0.00,18.27,44.83,65.52,58.62
c,18.27,18.27,0.00,44.83,58.62,58.62
d,37.93,44.83,44.83,0.00,47.67,47.67
e,58.62,65.52,58.62,47.67,0.00,30.23
f,51.72,58.62,58.62,47.67,30.23,0.00
