,a,b,c,d,e,f
a,0.00,13.73,17.65,21.57,29.41,25.49
b,13.73,0.00,13.73,17.65,25.49,21.57
c,17.65,13.73,0.00,21.57,29.41,25.49
d,21.57,17.65,21.57,0.00,13.73,9.80
e,29.41,25.49,29.41,13.73,0.00,5.88
f,25.49,21.57,25.49,9.80,5.88,0.00
