,a,b,c,d,e,f
a,0.00,0.41,20.53,34.58,43.93,53.27
b,0.41,0.00,22.54,36.59,46.34,56.10
c,20.53,22.54,0.00,39.13,47.83,56.52
d,34.58,36.59,39.13,0.00,25.23,25.23
e,43.93,46.34,47.83,25.23,0.00,11.21
f,53.27,56.10,56.52,25.23,11.21,0.00
