,a,b,c,d,e,f
a,0.00,20.00,12.00,16.00,39.13,25.00
b,20.00,0.00,16.00,20.00,65.22,37.50
c,12.00,16.00,0.00,4.00,47.83,25.00
d,16.00,20.00,4.00,0.00,56.52,25.00
e,39.13,65.22,47.83,56.52,0.00,61.54
f,25.00,37.50,25.00,25.00,61.54,0.00
