,a,b,c,d,e,f
a,0.00,3.23,10.51,42.86,42.86,54.20
b,3.23,0.00,12.73,34.13,34.13,54.20
c,10.51,12.73,0.00,34.13,34.13,46.56
d,42.86,34.13,34.13,0.00,10.18,23.66
e,42.86,34.13,34.13,10.18,0.00,23.66
f,54.20,54.20,46.56,23.66,23.66,0.00
