,a,b,c,d,e,f
a,0.00,25.71,9.95,21.69,24.17,24.17
b,25.71,0.00,31.43,39.76,42.86,42.86
c,9.95,31.43,0.00,15.66,21.40,17.03
d,21.69,39.76,15.66,0.00,27.71,27.71
e,24.17,42.86,21.40,27.71,0.00,6.25
f,24.17,42.86,17.03,27.71,6.25,0.00
