,a,b,c,d,e,f
a,0.00,14.40,21.18,18.29,26.09,26.09
b,14.40,0.00,16.26,14.40,21.74,21.74
c,21.18,16.26,0.00,11.33,17.53,22.68
d,18.29,14.40,11.33,0.00,21.74,21.74
e,26.09,21.74,17.53,21.74,0.00,13.04
f,26.09,21.74,22.68,21.74,13.04,0.00
