,a,b,c,d,e,f
a,0.00,25.78,6.25,18.18,18.18,18.18
b,25.78,0.00,29.03,45.26,45.26,48.91
c,6.25,29.03,0.00,19.71,19.71,19.71
d,18.18,45.26,19.71,0.00,15.97,15.97
e,18.18,45.26,19.71,15.97,0.00,8.76
f,18.18,48.91,19.71,15.97,8.76,0.00
