,a,b,c,d,e,f
a,0.00,6.98,22.48,24.88,22.48,18.60
b,6.98,0.00,18.60,20.19,18.60,14.73
c,22.48,18.60,0.00,31.73,27.39,30.69
d,24.88,20.19,31.73,0.00,2.17,2.17
e,22.48,18.60,27.39,2.17,0.00,3.03
f,18.60,14.73,30.69,2.17,3.03,0.00
