,a,b,c,d,e,f
a,0.00,10.31,20.56,15.89,10.31,10.31
b,10.31,0.00,15.89,11.21,5.83,5.83
c,20.56,15.89,0.00,21.95,15.89,15.89
d,15.89,11.21,21.95,0.00,11.21,11.21
e,10.31,5.83,15.89,11.21,0.00,5.83
f,10.31,5.83,15.89,11.21,5.83,0.00
