,a,b,c,d,e,f
a,0.00,26.23,33.63,42.62,30.33,30.33
b,26.23,0.00,33.63,42.62,30.33,30.33
c,33.63,33.63,0.00,29.20,15.93,15.93
d,42.62,42.62,29.20,0.00,30.33,30.33
e,30.33,30.33,15.93,30.33,0.00,5.74
f,30.33,30.33,15.93,30.33,5.74,0.00
