,a,b,c,d,e,f
a,0.00,15.25,15.00,20.70,18.37,19.49
b,15.25,0.00,21.47,31.19,23.73,25.11
c,15.00,21.47,0.00,28.57,30.00,21.47
d,20.70,31.19,28.57,0.00,20.70,26.61
e,18.37,23.73,30.00,20.70,0.00,23.73
f,19.49,25.11,21.47,26.61,23.73,0.00
