,a,b,c,d,e,f
a,0.00,21.15,39.81,37.04,58.33,58.33
b,21.15,0.00,25.93,33.33,44.44,44.44
c,39.81,25.93,0.00,40.17,55.56,55.56
d,37.04,33.33,40.17,0.00,33.33,33.33
e,58.33,44.44,55.56,33.33,0.00,22.22
f,58.33,44.44,55.56,33.33,22.22,0.00
