,a,b,c,d,e,f
a,0.00,8.65,36.05,34.67,29.65,28.18
b,8.65,0.00,35.06,28.18,28.18,26.38
c,36.05,35.06,0.00,36.05,41.86,41.56
d,34.67,28.18,36.05,0.00,17.05,22.65
e,29.65,28.18,41.86,17.05,0.00,11.60
f,28.18,26.38,41.56,22.65,11.60,0.00
