,a,b,c,d,e,f
a,0.00,17.01,17.01,33.61,33.61,46.06
b,17.01,0.00,17.01,33.61,33.61,41.91
c,17.01,17.01,0.00,25.31,25.31,37.76
d,33.61,33.61,25.31,0.00,25.42,35.59
e,33.61,33.61,25.31,25.42,0.00,28.81
f,46.06,41.91,37.76,35.59,28.81,0.00
