,a,b,c,d,e,f
a,0.00,15.32,22.18,22.18,22.18,29.96
b,15.32,0.00,31.45,31.45,31.45,35.48
c,22.18,31.45,0.00,26.07,26.07,33.85
d,22.18,31.45,26.07,0.00,2.72,10.51
e,22.18,31.45,26.07,2.72,0.00,10.51
f,29.96,35.48,33.85,10.51,10.51,0.00
