,a,b,c,d,e,f
a,0.00,23.86,39.09,39.09,44.16,49.24
b,23.86,0.00,23.86,23.86,44.16,34.01
c,39.09,23.86,0.00,6.98,30.23,16.28
d,39.09,23.86,6.98,0.00,30.23,16.28
e,44.16,44.16,30.23,30.23,0.00,24.46
f,49.24,34.01,16.28,16.28,24.46,0.00
