,a,b,c,d,e,f
a,0.00,15.13,18.82,22.51,38.05,46.90
b,15.13,0.00,22.51,29.89,42.48,51.33
c,18.82,22.51,0.00,11.93,27.48,33.58
d,22.51,29.89,11.93,0.00,8.11,20.84
e,38.05,42.48,27.48,8.11,0.00,16.22
f,46.90,51.33,33.58,20.84,16.22,0.00
