,a,b,c,d,e,f
a,0.00,13.24,9.80,17.81,29.41,13.73
b,13.24,0.00,22.37,34.43,40.64,26.94
c,9.80,22.37,0.00,13.24,21.57,5.88
d,17.81,34.43,13.24,0.00,17.81,8.68
e,29.41,40.64,21.57,17.81,0.00,17.65
f,13.73,26.94,5.88,8.68,17.65,0.00
