,a,b,c,d,e,f
a,0.00,33.33,21.57,23.08,30.40,46.97
b,33.33,0.00,19.05,19.83,40.93,40.93
c,21.57,19.05,0.00,19.41,34.07,46.97
d,23.08,19.83,19.41,0.00,33.33,45.02
e,30.40,40.93,34.07,33.33,0.00,21.38
f,46.97,40.93,46.97,45.02,21.38,0.00
