,a,b,c,d,e,f
a,0.00,20.63,15.34,25.93,19.75,31.62
b,20.63,0.00,20.63,25.93,19.75,31.62
c,15.34,20.63,0.00,22.71,16.67,25.93
d,25.93,25.93,22.71,0.00,22.22,33.33
e,19.75,19.75,16.67,22.22,0.00,11.11
f,31.62,31.62,25.93,33.33,11.11,0.00
