,a,b,c,d,e,f
a,0.00,11.89,11.89,14.63,29.52,25.11
b,11.89,0.00,20.70,26.83,38.33,33.92
c,11.89,20.70,0.00,14.63,20.70,16.30
d,14.63,26.83,14.63,0.00,14.63,14.63
e,29.52,38.33,20.70,14.63,0.00,16.30
f,25.11,33.92,16.30,14.63,16.30,0.00
