,a,b,c,d,e,f
a,0.00,39.76,51.81,45.78,39.76,45.78
b,39.76,0.00,52.61,47.87,53.37,47.87
c,51.81,52.61,0.00,28.91,32.64,24.17
d,45.78,47.87,28.91,0.00,32.64,19.43
e,39.76,53.37,32.64,32.64,0.00,27.46
f,45.78,47.87,24.17,19.43,27.46,0.00
