,a,b,c,d,e,f
a,0.00,13.53,28.87,28.57,37.24,28.57
b,13.53,0.00,24.69,28.57,33.05,24.81
c,28.87,24.69,0.00,18.09,27.27,14.68
d,28.57,28.57,18.09,0.00,18.09,6.25
e,37.24,33.05,27.27,18.09,0.00,14.68
f,28.57,24.81,14.68,6.25,14.68,0.00
