,a,b,c,d,e,f
a,0.00,35.36,30.61,26.61,51.02,42.86
b,35.36,0.00,38.78,35.78,51.02,51.02
c,30.61,38.78,0.00,20.70,40.94,33.07
d,26.61,35.78,20.70,0.00,25.11,20.70
e,51.02,51.02,40.94,25.11,0.00,17.32
f,42.86,51.02,33.07,20.70,17.32,0.00
