,a,b,c,d,e,f
a,0.00,32.27,32.27,33.88,62.73,44.19
b,32.27,0.00,32.27,33.88,56.52,44.19
c,32.27,32.27,0.00,17.36,44.10,25.58
d,33.88,33.88,17.36,0.00,31.68,10.71
e,62.73,56.52,44.10,31.68,0.00,37.89
f,44.19,44.19,25.58,10.71,37.89,0.00
