,a,b,c,d,e,f
a,0.00,28.00,29.91,36.00,40.00,39.66
b,28.00,0.00,29.91,36.00,32.00,31.03
c,29.91,29.91,0.00,25.23,29.91,28.57
d,36.00,36.00,25.23,0.00,4.00,5.17
e,40.00,32.00,29.91,4.00,0.00,0.86
f,39.66,31.03,28.57,5.17,0.86,0.00
