,a,b,c,d,e,f
a,0.00,15.34,20.63,14.53,33.33,49.49
b,15.34,0.00,22.71,28.57,49.49,62.96
c,20.63,22.71,0.00,20.63,29.29,44.44
d,14.53,28.57,20.63,0.00,29.29,44.44
e,33.33,49.49,29.29,29.29,0.00,39.39
f,49.49,62.96,44.44,44.44,39.39,0.00
