,a,b,c,d,e,f
a,0.00,6.67,20.00,12.28,18.52,25.93
b,6.67,0.00,14.53,12.28,18.52,25.93
c,20.00,14.53,0.00,12.28,18.52,25.93
d,12.28,12.28,12.28,0.00,11.11,18.52
e,18.52,18.52,18.52,11.11,0.00,18.52
f,25.93,25.93,25.93,18.52,18.52,0.00
