,a,b,c,d,e,f
a,0.00,28.91,43.01,42.68,28.91,33.65
b,28.91,0.00,24.17,25.71,17.03,25.76
c,43.01,24.17,0.00,31.43,28.91,38.39
d,42.68,25.71,31.43,0.00,31.43,42.86
e,28.91,17.03,28.91,31.43,0.00,10.93
f,33.65,25.76,38.39,42.86,10.93,0.00
