,a,b,c,d,e,f
a,0.00,17.60,35.74,22.48,37.98,43.59
b,17.60,0.00,31.73,34.11,49.61,53.85
c,35.74,31.73,0.00,28.84,40.07,38.46
d,22.48,34.11,28.84,0.00,20.29,21.57
e,37.98,49.61,40.07,20.29,0.00,27.93
f,43.59,53.85,38.46,21.57,27.93,0.00
