,a,b,c,d,e,f
a,0.00,30.56,28.57,36.51,40.48,60.32
b,30.56,0.00,17.46,23.81,26.98,42.86
c,28.57,17.46,0.00,23.81,26.98,42.86
d,36.51,23.81,23.81,0.00,16.67,25.93
e,40.48,26.98,26.98,16.67,0.00,25.00
f,60.32,42.86,42.86,25.93,25.00,0.00
