,a,b,c,d,e,f
a,0.00,25.44,29.41,23.08,33.33,38.10
b,25.44,0.00,29.82,37.98,34.43,39.89
c,29.41,29.82,0.00,16.67,19.05,23.81
d,23.08,37.98,16.67,0.00,19.54,25.29
e,33.33,34.43,19.05,19.54,0.00,15.61
f,38.10,39.89,23.81,25.29,15.61,0.00
