,a,b,c,d,e,f
a,0.00,15.18,17.48,20.21,36.17,36.17
b,15.18,0.00,22.33,25.53,41.49,41.49
c,17.48,22.33,0.00,13.71,28.93,28.93
d,20.21,25.53,13.71,0.00,18.78,18.78
e,36.17,41.49,28.93,18.78,0.00,3.55
f,36.17,41.49,28.93,18.78,3.55,0.00
