,a,b,c,d,e,f
a,0.00,2.72,4.98,13.51,21.18,48.86
b,2.72,0.00,4.98,13.51,21.18,48.86
c,4.98,4.98,0.00,13.51,21.18,48.86
d,13.51,13.51,13.51,0.00,29.73,49.37
e,21.18,21.18,21.18,29.73,0.00,54.55
f,48.86,48.86,48.86,49.37,54.55,0.00
