,a,b,c,d,e,f
a,0.00,17.65,13.73,28.57,25.49,17.65
b,17.65,0.00,5.88,19.05,9.80,9.80
c,13.73,5.88,0.00,19.05,12.09,4.76
d,28.57,19.05,19.05,0.00,28.57,23.81
e,25.49,9.80,12.09,28.57,0.00,8.42
f,17.65,9.80,4.76,23.81,8.42,0.00
