,a,b,c,d,e,f
a,0.00,11.54,39.53,46.60,53.49,48.84
b,11.54,0.00,34.88,41.75,48.84,44.19
c,39.53,34.88,0.00,22.33,30.23,34.88
d,46.60,41.75,22.33,0.00,17.48,22.33
e,53.49,48.84,30.23,17.48,0.00,8.37
f,48.84,44.19,34.88,22.33,8.37,0.00
