,a,b,c,d,e,f
a,0.00,24.60,50.62,42.39,37.20,35.90
b,24.60,0.00,49.07,42.03,35.67,37.20
c,50.62,49.07,0.00,39.07,61.35,44.44
d,42.39,42.03,39.07,0.00,40.74,25.00
e,37.20,35.67,61.35,40.74,0.00,23.37
f,35.90,37.20,44.44,25.00,23.37,0.00
