,a,b,c,d,e,f
a,0.00,10.85,25.00,29.17,29.17,35.06
b,10.85,0.00,14.97,18.37,21.77,22.81
c,25.00,14.97,0.00,3.85,19.87,12.28
d,29.17,18.37,3.85,0.00,23.08,15.79
e,29.17,21.77,19.87,23.08,0.00,19.30
f,35.06,22.81,12.28,15.79,19.30,0.00
