,a,b,c,d,e,f
a,0.00,19.30,30.74,22.81,22.81,29.82
b,19.30,0.00,26.36,23.08,16.67,23.08
c,30.74,26.36,0.00,26.36,18.60,26.36
d,22.81,23.08,26.36,0.00,16.03,21.12
e,22.81,16.67,18.60,16.03,0.00,4.01
f,29.82,23.08,26.36,21.12,4.01,0.00
