,a,b,c,d,e,f
a,0.00,30.77,31.65,35.25,35.25,38.85
b,30.77,0.00,35.25,28.06,28.06,35.25
c,31.65,35.25,0.00,25.68,29.05,29.05
d,35.25,28.06,25.68,0.00,16.41,19.50
e,35.25,28.06,29.05,16.41,0.00,22.60
f,38.85,35.25,29.05,19.50,22.60,0.00
