,a,b,c,d,e,f
a,0.00,5.83,20.56,25.23,25.23,25.23
b,5.83,0.00,14.44,19.79,19.79,19.79
c,20.56,14.44,0.00,11.21,11.21,11.21
d,25.23,19.79,11.21,0.00,11.21,11.21
e,25.23,19.79,11.21,11.21,0.00,11.21
f,25.23,19.79,11.21,11.21,11.21,0.00
