,a,b,c,d,e,f
a,0.00,16.30,25.11,29.52,42.20,45.12
b,16.30,0.00,16.30,25.11,47.98,45.12
c,25.11,16.30,0.00,33.92,47.98,57.32
d,29.52,25.11,33.92,0.00,36.42,32.93
e,42.20,47.98,47.98,36.42,0.00,52.05
f,45.12,45.12,57.32,32.93,52.05,0.00
