,a,b,c,d,e,f
a,0.00,26.74,39.39,30.35,30.35,30.35
b,26.74,0.00,26.83,16.67,23.33,16.67
c,39.39,26.83,0.00,18.44,21.99,18.44
d,30.35,16.67,18.44,0.00,10.71,4.76
e,30.35,23.33,21.99,10.71,0.00,10.71
f,30.35,16.67,18.44,4.76,10.71,0.00
