,a,b,c,d,e,f
a,0.00,1.57,27.97,16.23,26.70,26.70
b,1.57,0.00,26.53,16.30,29.52,29.52
c,27.97,26.53,0.00,39.56,34.07,34.07
d,16.23,16.30,39.56,0.00,33.92,33.92
e,26.70,29.52,34.07,33.92,0.00,7.49
f,26.70,29.52,34.07,33.92,7.49,0.00
