,a,b,c,d,e,f
a,0.00,6.61,16.26,26.07,32.13,22.18
b,6.61,0.00,11.33,26.07,32.13,22.18
c,16.26,11.33,0.00,26.11,40.12,26.11
d,26.07,26.07,26.11,0.00,23.39,19.01
e,32.13,32.13,40.12,23.39,0.00,23.39
f,22.18,22.18,26.11,19.01,23.39,0.00
