,a,b,c,d,e,f
a,0.00,20.75,28.30,23.08,25.78,31.17
b,20.75,0.00,32.86,29.69,35.85,37.50
c,28.30,32.86,0.00,33.59,39.62,45.31
d,23.08,29.69,33.59,0.00,12.90,20.27
e,25.78,35.85,39.62,12.90,0.00,8.54
f,31.17,37.50,45.31,20.27,8.54,0.00
