,a,b,c,d,e,f
a,0.00,22.65,10.64,19.15,14.89,35.06
b,22.65,0.00,17.13,22.65,17.13,32.20
c,10.64,17.13,0.00,10.64,6.38,22.08
d,19.15,22.65,10.64,0.00,4.58,15.58
e,14.89,17.13,6.38,4.58,0.00,15.58
f,35.06,32.20,22.08,15.58,15.58,0.00
