,a,b,c,d,e,f
a,0.00,16.33,13.22,4.96,10.61,15.18
b,16.33,0.00,29.75,21.49,16.20,28.57
c,13.22,29.75,0.00,9.09,16.20,19.64
d,4.96,21.49,9.09,0.00,10.61,10.71
e,10.61,16.20,16.20,10.61,0.00,13.04
f,15.18,28.57,19.64,10.71,13.04,0.00
