,a,b,c,d,e,f
a,0.00,23.08,30.88,53.92,49.31,51.92
b,23.08,0.00,18.27,42.31,32.69,34.67
c,30.88,18.27,0.00,32.81,28.85,30.33
d,53.92,42.31,32.81,0.00,27.34,25.00
e,49.31,32.69,28.85,27.34,0.00,21.43
f,51.92,34.67,30.33,25.00,21.43,0.00
