,a,b,c,d,e,f
a,0.00,19.85,40.71,26.23,36.17,40.43
b,19.85,0.00,20.00,18.57,36.24,32.89
c,40.71,20.00,0.00,26.15,39.87,33.54
d,26.23,18.57,26.15,0.00,31.60,28.34
e,36.17,36.24,39.87,31.60,0.00,10.18
f,40.43,32.89,33.54,28.34,10.18,0.00
