,a,b,c,d,e,f
a,0.00,12.88,20.45,24.24,39.39,39.39
b,12.88,0.00,24.24,28.03,43.18,43.18
c,20.45,24.24,0.00,15.75,37.73,37.73
d,24.24,28.03,15.75,0.00,30.40,30.40
e,39.39,43.18,37.73,30.40,0.00,26.74
f,39.39,43.18,37.73,30.40,26.74,0.00
