,a,b,c,d,e,f
a,0.00,19.15,10.64,23.40,40.43,47.12
b,19.15,0.00,14.89,27.66,40.43,47.12
c,10.64,14.89,0.00,19.15,36.17,42.31
d,23.40,27.66,19.15,0.00,21.82,28.57
e,40.43,40.43,36.17,21.82,0.00,13.49
f,47.12,47.12,42.31,28.57,13.49,0.00
