,a,b,c,d,e,f
a,0.00,10.11,32.58,43.78,43.78,48.36
b,10.11,0.00,28.84,43.78,43.78,48.36
c,32.58,28.84,0.00,43.82,43.82,62.44
d,43.78,43.78,43.82,0.00,21.35,43.66
e,43.78,43.78,43.82,21.35,0.00,22.08
f,48.36,48.36,62.44,43.66,22.08,0.00
