,a,b,c,d,e,f
a,0.00,22.37,27.27,34.21,45.45,37.50
b,22.37,0.00,39.39,42.98,51.52,47.92
c,27.27,39.39,0.00,40.64,40.30,42.86
d,34.21,42.98,40.64,0.00,26.94,25.49
e,45.45,51.52,40.30,26.94,0.00,20.45
f,37.50,47.92,42.86,25.49,20.45,0.00
