,a,b,c,d,e,f
a,0.00,8.60,20.83,20.83,26.55,20.83
b,8.60,0.00,17.95,17.95,24.24,12.82
c,20.83,17.95,0.00,11.65,8.60,11.65
d,20.83,17.95,11.65,0.00,13.98,11.65
e,26.55,24.24,8.60,13.98,0.00,7.63
f,20.83,12.82,11.65,11.65,7.63,0.00
