,a,b,c,d,e,f
a,0.00,20.45,25.44,34.43,39.89,42.03
b,20.45,0.00,13.73,23.81,28.57,42.03
c,25.44,13.73,0.00,28.57,33.33,42.03
d,34.43,23.81,28.57,0.00,14.29,27.54
e,39.89,28.57,33.33,14.29,0.00,20.29
f,42.03,42.03,42.03,27.54,20.29,0.00
