,a,b,c,d,e,f
a,0.00,21.05,21.05,21.05,34.78,45.53
b,21.05,0.00,13.53,13.53,30.43,37.74
c,21.05,13.53,0.00,3.12,19.01,29.26
d,21.05,13.53,3.12,0.00,18.09,28.12
e,34.78,30.43,19.01,18.09,0.00,38.57
f,45.53,37.74,29.26,28.12,38.57,0.00
