,a,b,c,d,e,f
a,0.00,12.88,16.67,24.24,31.82,31.82
b,12.88,0.00,9.09,16.67,28.03,24.24
c,16.67,9.09,0.00,20.45,31.82,28.03
d,24.24,16.67,20.45,0.00,21.38,8.81
e,31.82,28.03,31.82,21.38,0.00,27.67
f,31.82,24.24,28.03,8.81,27.67,0.00
