,a,b,c,d,e,f
a,0.00,31.03,23.37,31.03,38.70,31.03
b,31.03,0.00,22.22,37.04,40.74,33.33
c,23.37,22.22,0.00,18.52,29.63,22.22
d,31.03,37.04,18.52,0.00,22.22,22.22
e,38.70,40.74,29.63,22.22,0.00,8.50
f,31.03,33.33,22.22,22.22,8.50,0.00
