,a,b,c,d,e,f
a,0.00,15.18,23.86,25.23,50.31,31.68
b,15.18,0.00,13.71,25.23,50.31,31.68
c,23.86,13.71,0.00,25.23,47.76,25.37
d,25.23,25.23,25.23,0.00,39.66,13.79
e,50.31,50.31,47.76,39.66,0.00,35.29
f,31.68,31.68,25.37,13.79,35.29,0.00
