,a,b,c,d,e,f
a,0.00,16.41,26.75,28.57,33.12,40.24
b,16.41,0.00,12.89,13.31,19.86,29.75
c,26.75,12.89,0.00,20.38,24.46,34.88
d,28.57,13.31,20.38,0.00,10.83,16.33
e,33.12,19.86,24.46,10.83,0.00,16.33
f,40.24,29.75,34.88,16.33,16.33,0.00
