,a,b,c,d,e,f
a,0.00,16.20,30.23,39.53,49.24,44.19
b,16.20,0.00,47.37,60.53,65.03,67.11
c,30.23,47.37,0.00,25.58,39.09,30.23
d,39.53,60.53,25.58,0.00,13.71,6.98
e,49.24,65.03,39.09,13.71,0.00,18.78
f,44.19,67.11,30.23,6.98,18.78,0.00
