,a,b,c,d,e,f
a,0.00,10.85,3.10,32.20,18.60,23.69
b,10.85,0.00,10.85,32.20,18.60,23.69
c,3.10,10.85,0.00,32.20,18.60,23.69
d,32.20,32.20,32.20,0.00,25.00,25.00
e,18.60,18.60,18.60,25.00,0.00,19.87
f,23.69,23.69,23.69,25.00,19.87,0.00
