,a,b,c,d,e,f
a,0.00,25.31,21.35,32.58,38.20,38.20
b,25.31,0.00,43.82,49.44,49.44,32.58
c,21.35,43.82,0.00,21.35,26.97,26.97
d,32.58,49.44,21.35,0.00,21.35,21.35
e,38.20,49.44,26.97,21.35,0.00,21.35
f,38.20,32.58,26.97,21.35,21.35,0.00
