,a,b,c,d,e,f
a,0.00,10.07,29.37,25.65,25.65,25.65
b,10.07,0.00,29.37,25.65,25.65,25.65
c,29.37,29.37,0.00,28.38,28.38,25.73
d,25.65,25.65,28.38,0.00,7.99,5.21
e,25.65,25.65,28.38,7.99,0.00,4.23
f,25.65,25.65,25.73,5.21,4.23,0.00
