,a,b,c,d,e,f
a,0.00,9.09,13.22,16.20,21.35,10.61
b,9.09,0.00,4.96,10.61,21.35,5.03
c,13.22,4.96,0.00,10.61,21.35,5.03
d,16.20,10.61,10.61,0.00,32.58,10.61
e,21.35,21.35,21.35,32.58,0.00,21.35
f,10.61,5.03,5.03,10.61,21.35,0.00
