,a,b,c,d,e,f
a,0.00,22.48,10.85,22.48,37.98,34.11
b,22.48,0.00,22.48,34.11,49.61,49.61
c,10.85,22.48,0.00,14.73,30.23,34.11
d,22.48,34.11,14.73,0.00,41.86,45.74
e,37.98,49.61,30.23,41.86,0.00,22.48
f,34.11,49.61,34.11,45.74,22.48,0.00
