,a,b,c,d,e,f
a,0.00,13.22,29.75,30.23,39.53,25.58
b,13.22,0.00,29.75,30.23,39.53,25.58
c,29.75,29.75,0.00,39.91,52.79,44.21
d,30.23,30.23,39.91,0.00,35.25,24.46
e,39.53,39.53,52.79,35.25,0.00,18.03
f,25.58,25.58,44.21,24.46,18.03,0.00
