,a,b,c,d,e,f
a,0.00,28.57,33.67,18.37,28.57,23.47
b,28.57,0.00,23.47,23.47,28.57,23.47
c,33.67,23.47,0.00,29.91,25.23,20.56
d,18.37,23.47,29.91,0.00,20.56,15.89
e,28.57,28.57,25.23,20.56,0.00,11.21
f,23.47,23.47,20.56,15.89,11.21,0.00
