,a,b,c,d,e,f
a,0.00,11.88,18.52,18.52,22.22,22.22
b,11.88,0.00,9.72,16.67,20.14,20.14
c,18.52,9.72,0.00,22.56,25.93,25.93
d,18.52,16.67,22.56,0.00,9.09,9.09
e,22.22,20.14,25.93,9.09,0.00,5.72
f,22.22,20.14,25.93,9.09,5.72,0.00
