,a,b,c,d,e,f
a,0.00,18.24,19.35,9.91,16.67,23.08
b,18.24,0.00,43.09,24.53,29.08,39.39
c,19.35,43.09,0.00,21.57,33.33,33.33
d,9.91,24.53,21.57,0.00,18.92,20.19
e,16.67,29.08,33.33,18.92,0.00,15.49
f,23.08,39.39,33.33,20.19,15.49,0.00
