,a,b,c,d,e,f
a,0.00,17.01,12.86,17.01,18.10,19.28
b,17.01,0.00,15.25,25.42,23.08,24.19
c,12.86,15.25,0.00,15.41,14.47,13.74
d,17.01,25.42,15.41,0.00,11.18,10.54
e,18.10,23.08,14.47,11.18,0.00,12.59
f,19.28,24.19,13.74,10.54,12.59,0.00
