,a,b,c,d,e,f
a,0.00,20.75,16.98,22.73,30.69,35.64
b,20.75,0.00,20.27,25.78,38.39,43.13
c,16.98,20.27,0.00,10.16,19.43,24.17
d,22.73,25.78,10.16,0.00,18.18,22.73
e,30.69,38.39,19.43,18.18,0.00,18.18
f,35.64,43.13,24.17,22.73,18.18,0.00
