,a,b,c,d,e,f
a,0.00,23.64,23.64,23.64,43.61,49.09
b,23.64,0.00,13.91,13.91,31.74,37.09
c,23.64,13.91,0.00,5.78,21.88,27.05
d,23.64,13.91,5.78,0.00,20.97,25.07
e,43.61,31.74,21.88,20.97,0.00,24.01
f,49.09,37.09,27.05,25.07,24.01,0.00
