,a,b,c,d,e,f
a,0.00,5.14,1.19,20.95,44.79,29.20
b,5.14,0.00,5.14,24.90,50.92,33.63
c,1.19,5.14,0.00,20.95,44.79,29.20
d,20.95,24.90,20.95,0.00,32.52,29.20
e,44.79,50.92,44.79,32.52,0.00,38.65
f,29.20,33.63,29.20,29.20,38.65,0.00
