,a,b,c,d,e,f
a,0.00,19.43,25.78,21.88,20.17,29.69
b,19.43,0.00,28.91,28.91,27.46,33.65
c,25.78,28.91,0.00,21.88,15.97,29.69
d,21.88,28.91,21.88,0.00,16.98,18.73
e,20.17,27.46,15.97,16.98,0.00,20.75
f,29.69,33.65,29.69,18.73,20.75,0.00
