,a,b,c,d,e,f
a,0.00,36.09,39.85,47.83,57.20,51.13
b,36.09,0.00,21.88,34.55,40.40,35.69
c,39.85,21.88,0.00,34.55,40.40,35.69
d,47.83,34.55,34.55,0.00,26.06,28.33
e,57.20,40.40,40.40,26.06,0.00,17.16
f,51.13,35.69,35.69,28.33,17.16,0.00
