,a,b,c,d,e,f
a,0.00,12.00,12.00,16.00,31.71,32.00
b,12.00,0.00,8.00,4.00,26.83,20.00
c,12.00,8.00,0.00,12.00,31.71,28.00
d,16.00,4.00,12.00,0.00,31.71,24.00
e,31.71,26.83,31.71,31.71,0.00,21.95
f,32.00,20.00,28.00,24.00,21.95,0.00
