,a,b,c,d,e,f
a,0.00,12.00,12.00,39.25,33.67,34.58
b,12.00,0.00,3.47,29.91,23.47,25.23
c,12.00,3.47,0.00,29.91,23.47,25.23
d,39.25,29.91,29.91,0.00,18.37,15.89
e,33.67,23.47,23.47,18.37,0.00,5.83
f,34.58,25.23,25.23,15.89,5.83,0.00
