,a,b,c,d,e,f
a,0.00,10.38,7.95,19.81,28.87,35.96
b,10.38,0.00,17.53,16.17,22.68,37.50
c,7.95,17.53,0.00,24.53,33.05,31.03
d,19.81,16.17,24.53,0.00,29.25,43.18
e,28.87,22.68,33.05,29.25,0.00,26.09
f,35.96,37.50,31.03,43.18,26.09,0.00
