,a,b,c,d,e,f
a,0.00,14.06,36.97,36.97,32.77,32.77
b,14.06,0.00,36.97,36.97,32.77,32.77
c,36.97,36.97,0.00,24.37,28.57,28.57
d,36.97,36.97,24.37,0.00,7.56,7.56
e,32.77,32.77,28.57,7.56,0.00,3.36
f,32.77,32.77,28.57,7.56,3.36,0.00
