,a,b,c,d,e,f
a,0.00,15.25,23.73,40.68,40.68,40.68
b,15.25,0.00,17.24,31.03,44.83,37.93
c,23.73,17.24,0.00,10.53,21.05,15.79
d,40.68,31.03,10.53,0.00,10.53,5.26
e,40.68,44.83,21.05,10.53,0.00,15.79
f,40.68,37.93,15.79,5.26,15.79,0.00
