,a,b,c,d,e,f
a,0.00,14.59,14.59,19.49,32.38,42.41
b,14.59,0.00,18.15,23.73,32.38,42.41
c,14.59,18.15,0.00,13.79,24.42,37.80
d,19.49,23.73,13.79,0.00,30.23,26.53
e,32.38,32.38,24.42,30.23,0.00,33.11
f,42.41,42.41,37.80,26.53,33.11,0.00
