,a,b,c,d,e,f
a,0.00,18.70,30.89,31.51,30.89,33.33
b,18.70,0.00,24.05,28.57,24.05,30.89
c,30.89,24.05,0.00,11.39,9.09,15.75
d,31.51,28.57,11.39,0.00,11.39,10.57
e,30.89,24.05,9.09,11.39,0.00,4.76
f,33.33,30.89,15.75,10.57,4.76,0.00
