,a,b,c,d,e,f
a,0.00,5.51,6.12,20.73,5.76,22.02
b,5.51,0.00,10.20,20.73,5.76,26.61
c,6.12,10.20,0.00,20.73,10.99,26.61
d,20.73,20.73,20.73,0.00,17.58,37.17
e,5.76,5.76,10.99,17.58,0.00,22.02
f,22.02,26.61,26.61,37.17,22.02,0.00
