,a,b,c,d,e,f
a,0.00,14.18,32.74,62.57,37.22,41.70
b,14.18,0.00,37.22,62.57,37.22,41.70
c,32.74,37.22,0.00,49.44,41.18,41.18
d,62.57,62.57,49.44,0.00,49.44,43.82
e,37.22,37.22,41.18,49.44,0.00,23.08
f,41.70,41.70,41.18,43.82,23.08,0.00
