,a,b,c,d,e,f
a,0.00,16.28,10.61,14.89,25.53,25.53
b,16.28,0.00,30.07,27.63,40.79,40.79
c,10.61,30.07,0.00,21.79,32.96,27.37
d,14.89,27.63,21.79,0.00,25.53,25.53
e,25.53,40.79,32.96,25.53,0.00,20.21
f,25.53,40.79,27.37,25.53,20.21,0.00
