,a,b,c,d,e,f
a,0.00,15.06,38.22,30.50,30.50,33.61
b,15.06,0.00,36.57,25.37,29.10,28.00
c,38.22,36.57,0.00,36.57,36.57,40.00
d,30.50,25.37,36.57,0.00,15.41,21.05
e,30.50,29.10,36.57,15.41,0.00,15.25
f,33.61,28.00,40.00,21.05,15.25,0.00
