,a,b,c,d,e,f
a,0.00,27.54,31.16,58.97,62.50,62.50
b,27.54,0.00,17.40,33.33,47.19,43.89
c,31.16,17.40,0.00,29.17,37.29,37.29
d,58.97,33.33,29.17,0.00,29.17,29.17
e,62.50,47.19,37.29,29.17,0.00,9.84
f,62.50,43.89,37.29,29.17,9.84,0.00
