,a,b,c,d,e,f
a,0.00,10.64,34.43,27.88,26.38,32.52
b,10.64,0.00,34.43,29.65,28.57,28.57
c,34.43,34.43,0.00,27.88,20.25,26.38
d,27.88,29.65,27.88,0.00,20.25,26.38
e,26.38,28.57,20.25,20.25,0.00,14.11
f,32.52,28.57,26.38,26.38,14.11,0.00
