,a,b,c,d,e,f
a,0.00,33.33,11.88,15.71,34.16,38.70
b,33.33,0.00,33.33,28.89,56.52,60.00
c,11.88,33.33,0.00,15.71,25.93,31.03
d,15.71,28.89,15.71,0.00,30.04,34.87
e,34.16,56.52,25.93,30.04,0.00,8.05
f,38.70,60.00,31.03,34.87,8.05,0.00
