,a,b,c,d,e,f
a,0.00,28.57,44.44,44.44,44.44,44.44
b,28.57,0.00,28.57,24.60,24.60,24.60
c,44.44,28.57,0.00,14.29,14.29,14.29
d,44.44,24.60,14.29,0.00,4.76,4.76
e,44.44,24.60,14.29,4.76,0.00,0.46
f,44.44,24.60,14.29,4.76,0.46,0.00
