,a,b,c,d,e,f
a,0.00,22.22,35.67,33.33,37.04,40.74
b,22.22,0.00,23.37,37.98,43.15,44.44
c,35.67,23.37,0.00,38.70,42.53,52.38
d,33.33,37.98,38.70,0.00,14.35,19.62
e,37.04,43.15,42.53,14.35,0.00,21.30
f,40.74,44.44,52.38,19.62,21.30,0.00
