,a,b,c,d,e,f
a,0.00,7.69,19.23,7.69,23.08,38.02
b,7.69,0.00,23.08,11.54,19.23,38.02
c,19.23,23.08,0.00,15.38,26.92,50.41
d,7.69,11.54,15.38,0.00,19.23,38.02
e,23.08,19.23,26.92,19.23,0.00,46.28
f,38.02,38.02,50.41,38.02,46.28,0.00
