,a,b,c,d,e,f
a,0.00,11.11,20.00,30.56,36.51,38.27
b,11.11,0.00,15.71,37.50,37.78,34.34
c,20.00,15.71,0.00,37.50,37.78,34.34
d,30.56,37.50,37.50,0.00,32.10,44.44
e,36.51,37.78,37.78,32.10,0.00,42.22
f,38.27,34.34,34.34,44.44,42.22,0.00
