,a,b,c,d,e,f
a,0.00,19.03,34.78,51.09,45.65,56.52
b,19.03,0.00,21.88,40.91,29.69,41.41
c,34.78,21.88,0.00,34.50,24.53,35.85
d,51.09,40.91,34.50,0.00,19.71,27.01
e,45.65,29.69,24.53,19.71,0.00,22.58
f,56.52,41.41,35.85,27.01,22.58,0.00
