,a,b,c,d,e,f
a,0.00,18.60,18.60,22.48,30.74,35.06
b,18.60,0.00,18.60,22.48,30.74,35.06
c,18.60,18.60,0.00,5.80,11.65,15.66
d,22.48,22.48,5.80,0.00,7.63,11.65
e,30.74,30.74,11.65,7.63,0.00,7.63
f,35.06,35.06,15.66,11.65,7.63,0.00
