,a,b,c,d,e,f
a,0.00,33.33,18.60,35.74,31.73,46.24
b,33.33,0.00,23.08,35.48,35.48,51.22
c,18.60,23.08,0.00,27.71,23.69,51.61
d,35.74,35.48,27.71,0.00,11.65,30.11
e,31.73,35.48,23.69,11.65,0.00,30.11
f,46.24,51.22,51.61,30.11,30.11,0.00
