,a,b,c,d,e,f
a,0.00,11.54,30.77,20.32,44.22,32.27
b,11.54,0.00,28.79,23.57,42.68,29.94
c,30.77,28.79,0.00,17.20,33.12,17.20
d,20.32,23.57,17.20,0.00,23.57,14.01
e,44.22,42.68,33.12,23.57,0.00,23.57
f,32.27,29.94,17.20,14.01,23.57,0.00
