,a,b,c,d,e,f
a,0.00,0.00,28.00,41.46,57.75,64.79
b,0.00,0.00,28.00,41.46,57.75,64.79
c,28.00,28.00,0.00,17.07,22.54,29.58
d,41.46,41.46,17.07,0.00,22.54,29.58
e,57.75,57.75,22.54,22.54,0.00,29.58
f,64.79,64.79,29.58,29.58,29.58,0.00
