,a,b,c,d,e,f
a,0.00,12.88,35.90,35.90,35.90,29.49
b,12.88,0.00,48.72,48.72,48.72,42.31
c,35.90,48.72,0.00,28.96,23.50,23.50
d,35.90,48.72,28.96,0.00,28.96,28.96
e,35.90,48.72,23.50,28.96,0.00,23.50
f,29.49,42.31,23.50,28.96,23.50,0.00
