,a,b,c,d,e,f
a,0.00,13.73,25.49,17.81,33.33,25.44
b,13.73,0.00,37.25,26.94,47.62,38.60
c,25.49,37.25,0.00,31.51,28.57,29.82
d,17.81,26.94,31.51,0.00,28.96,16.67
e,33.33,47.62,28.57,28.96,0.00,25.37
f,25.44,38.60,29.82,16.67,25.37,0.00
