,a,b,c,d,e,f
a,0.00,27.46,27.46,37.82,37.82,32.64
b,27.46,0.00,20.17,36.97,32.77,32.77
c,27.46,20.17,0.00,36.97,28.57,32.77
d,37.82,36.97,36.97,0.00,28.57,24.37
e,37.82,32.77,28.57,28.57,0.00,24.37
f,32.64,32.77,32.77,24.37,24.37,0.00
