,a,b,c,d,e,f
a,0.00,5.66,5.66,14.06,21.88,25.78
b,5.66,0.00,5.11,14.06,21.88,25.78
c,5.66,5.11,0.00,12.41,19.71,23.36
d,14.06,14.06,12.41,0.00,27.01,30.66
e,21.88,21.88,19.71,27.01,0.00,16.06
f,25.78,25.78,23.36,30.66,16.06,0.00
