,a,b,c,d,e,f
a,0.00,8.37,4.38,20.32,33.88,33.88
b,8.37,0.00,4.38,20.32,33.88,33.88
c,4.38,4.38,0.00,16.33,29.75,29.75
d,20.32,20.32,16.33,0.00,12.35,12.35
e,33.88,33.88,29.75,12.35,0.00,0.40
f,33.88,33.88,29.75,12.35,0.40,0.00
