,a,b,c,d,e,f
a,0.00,10.85,24.88,20.19,34.52,31.37
b,10.85,0.00,24.88,20.19,34.52,31.37
c,24.88,24.88,0.00,18.92,34.52,24.88
d,20.19,20.19,18.92,0.00,24.73,22.08
e,34.52,34.52,34.52,24.73,0.00,26.55
f,31.37,31.37,24.88,22.08,26.55,0.00
