,a,b,c,d,e,f
a,0.00,25.93,21.30,27.54,27.35,23.08
b,25.93,0.00,27.35,35.90,34.87,34.87
c,21.30,27.35,0.00,29.29,28.89,24.44
d,27.54,35.90,29.29,0.00,19.54,15.71
e,27.35,34.87,28.89,19.54,0.00,17.46
f,23.08,34.87,24.44,15.71,17.46,0.00
