,a,b,c,d,e,f
a,0.00,11.50,19.15,24.90,26.23,26.23
b,11.50,0.00,8.65,15.93,17.05,26.27
c,19.15,8.65,0.00,23.40,24.78,33.63
d,24.90,15.93,23.40,0.00,11.44,22.51
e,26.23,17.05,24.78,11.44,0.00,15.13
f,26.23,26.27,33.63,22.51,15.13,0.00
