,a,b,c,d,e,f
a,0.00,22.48,34.78,35.74,31.73,35.74
b,22.48,0.00,25.23,31.97,28.57,33.33
c,34.78,25.23,0.00,27.27,24.24,28.35
d,35.74,31.97,27.27,0.00,9.33,13.17
e,31.73,28.57,24.24,9.33,0.00,7.56
f,35.74,33.33,28.35,13.17,7.56,0.00
