,a,b,c,d,e,f
a,0.00,17.97,27.13,33.65,35.22,34.50
b,17.97,0.00,19.71,15.97,27.01,17.97
c,27.13,19.71,0.00,11.76,27.01,17.97
d,33.65,15.97,11.76,0.00,13.21,2.83
e,35.22,27.01,27.01,13.21,0.00,15.19
f,34.50,17.97,17.97,2.83,15.19,0.00
