,a,b,c,d,e,f
a,0.00,17.65,9.80,13.73,26.83,28.27
b,17.65,0.00,17.43,24.64,28.57,41.90
c,9.80,17.43,0.00,11.31,27.67,28.80
d,13.73,24.64,11.31,0.00,22.62,23.55
e,26.83,28.57,27.67,22.62,0.00,21.38
f,28.27,41.90,28.80,23.55,21.38,0.00
