,a,b,c,d,e,f
a,0.00,6.25,17.03,17.03,25.76,27.27
b,6.25,0.00,12.66,12.66,21.40,22.73
c,17.03,12.66,0.00,8.13,15.19,17.97
d,17.03,12.66,8.13,0.00,8.13,14.06
e,25.76,21.40,15.19,8.13,0.00,14.06
f,27.27,22.73,17.97,14.06,14.06,0.00
