,a,b,c,d,e,f
a,0.00,17.97,10.93,17.97,30.69,21.88
b,17.97,0.00,10.93,14.06,20.79,17.97
c,10.93,10.93,0.00,11.66,17.03,15.19
d,17.97,14.06,11.66,0.00,11.76,10.96
e,30.69,20.79,17.03,11.76,0.00,15.97
f,21.88,17.97,15.19,10.96,15.97,0.00
