,a,b,c,d,e,f
a,0.00,8.42,20.45,28.03,34.21,34.21
b,8.42,0.00,20.45,28.03,34.21,34.21
c,20.45,20.45,0.00,31.82,29.82,29.82
d,28.03,28.03,31.82,0.00,24.40,20.96
e,34.21,34.21,29.82,24.40,0.00,12.88
f,34.21,34.21,29.82,20.96,12.88,0.00
