,a,b,c,d,e,f
a,0.00,18.29,17.39,17.39,28.57,28.57
b,18.29,0.00,21.74,21.74,35.71,35.71
c,17.39,21.74,0.00,4.35,21.43,21.43
d,17.39,21.74,4.35,0.00,21.43,21.43
e,28.57,35.71,21.43,21.43,0.00,14.29
f,28.57,35.71,21.43,21.43,14.29,0.00
