,a,b,c,d,e,f
a,0.00,30.00,25.00,30.00,40.00,35.00
b,30.00,0.00,13.88,23.44,26.70,26.70
c,25.00,13.88,0.00,19.49,22.02,22.02
d,30.00,23.44,19.49,0.00,31.19,22.02
e,40.00,26.70,22.02,31.19,0.00,17.43
f,35.00,26.70,22.02,22.02,17.43,0.00
