,a,b,c,d,e,f
a,0.00,10.51,10.51,22.18,20.50,28.87
b,10.51,0.00,11.97,19.01,17.29,28.57
c,10.51,11.97,0.00,15.49,13.53,24.81
d,22.18,19.01,15.49,0.00,6.02,17.29
e,20.50,17.29,13.53,6.02,0.00,13.53
f,28.87,28.57,24.81,17.29,13.53,0.00
