,a,b,c,d,e,f
a,0.00,23.08,37.25,41.39,41.39,45.10
b,23.08,0.00,29.41,34.07,34.07,37.25
c,37.25,29.41,0.00,30.00,33.33,32.62
d,41.39,34.07,30.00,0.00,15.25,13.69
e,41.39,34.07,33.33,15.25,0.00,11.29
f,45.10,37.25,32.62,13.69,11.29,0.00
