,a,b,c,d,e,f
a,0.00,30.88,27.48,36.84,39.23,39.23
b,30.88,0.00,12.44,36.84,33.70,33.70
c,27.48,12.44,0.00,34.43,27.88,27.88
d,36.84,36.84,34.43,0.00,13.46,13.46
e,39.23,33.70,27.88,13.46,0.00,4.58
f,39.23,33.70,27.88,13.46,4.58,0.00
