,a,b,c,d,e,f
a,0.00,11.50,36.84,31.58,31.58,36.05
b,11.50,0.00,31.58,26.32,36.84,36.05
c,36.84,31.58,0.00,10.53,21.05,36.05
d,31.58,26.32,10.53,0.00,19.60,33.70
e,31.58,36.84,21.05,19.60,0.00,19.60
f,36.05,36.05,36.05,33.70,19.60,0.00
