,a,b,c,d,e,f
a,0.00,10.16,25.76,25.76,35.64,34.78
b,10.16,0.00,25.76,25.76,30.69,29.35
c,25.76,25.76,0.00,12.66,15.84,23.91
d,25.76,25.76,12.66,0.00,10.89,18.48
e,35.64,30.69,15.84,10.89,0.00,7.56
f,34.78,29.35,23.91,18.48,7.56,0.00
