,a,b,c,d,e,f
a,0.00,14.03,17.29,27.42,45.53,29.96
b,14.03,0.00,15.49,17.29,41.82,27.27
c,17.29,15.49,0.00,14.20,22.19,10.66
d,27.42,17.29,14.20,0.00,34.91,23.08
e,45.53,41.82,22.19,34.91,0.00,12.33
f,29.96,27.27,10.66,23.08,12.33,0.00
