,a,b,c,d,e,f
a,0.00,8.00,4.00,8.71,15.89,33.61
b,8.00,0.00,4.00,8.71,15.89,37.76
c,4.00,4.00,0.00,4.56,11.21,33.61
d,8.71,8.71,4.56,0.00,6.54,29.46
e,15.89,15.89,11.21,6.54,0.00,29.91
f,33.61,37.76,33.61,29.46,29.91,0.00
