,a,b,c,d,e,f
a,0.00,12.55,10.20,8.75,26.61,22.45
b,12.55,0.00,18.37,16.35,26.61,30.61
c,10.20,18.37,0.00,10.20,30.00,20.70
d,8.75,16.35,10.20,0.00,26.61,22.45
e,26.61,26.61,30.00,26.61,0.00,21.26
f,22.45,30.61,20.70,22.45,21.26,0.00
