,a,b,c,d,e,f
a,0.00,29.03,29.03,22.58,35.48,29.03
b,29.03,0.00,9.45,21.26,21.26,17.32
c,29.03,9.45,0.00,13.39,13.39,9.45
d,22.58,21.26,13.39,0.00,25.27,18.15
e,35.48,21.26,13.39,25.27,0.00,18.15
f,29.03,17.32,9.45,18.15,18.15,0.00
