,a,b,c,d,e,f
a,0.00,19.43,28.91,20.79,32.43,20.79
b,19.43,0.00,16.98,10.16,15.84,6.25
c,28.91,16.98,0.00,17.97,25.74,14.06
d,20.79,10.16,17.97,0.00,15.84,6.25
e,32.43,15.84,25.74,15.84,0.00,10.89
f,20.79,6.25,14.06,6.25,10.89,0.00
