,a,b,c,d,e,f
a,0.00,17.65,9.80,37.98,36.78,42.03
b,17.65,0.00,17.65,37.98,36.78,42.03
c,9.80,17.65,0.00,13.79,22.37,23.50
d,37.98,37.98,13.79,0.00,25.29,27.27
e,36.78,36.78,22.37,25.29,0.00,7.10
f,42.03,42.03,23.50,27.27,7.10,0.00
