,a,b,c,d,e,f
a,0.00,18.66,23.44,16.23,13.88,9.09
b,18.66,0.00,26.53,29.52,30.61,26.53
c,23.44,26.53,0.00,11.89,22.45,22.45
d,16.23,29.52,11.89,0.00,16.30,16.30
e,13.88,30.61,22.45,16.30,0.00,13.39
f,9.09,26.53,22.45,16.30,13.39,0.00
