,a,b,c,d,e,f
a,0.00,45.05,34.21,42.98,53.12,54.34
b,45.05,0.00,32.49,24.05,53.12,42.98
c,34.21,32.49,0.00,24.05,42.71,38.60
d,42.98,24.05,24.05,0.00,28.03,30.82
e,53.12,53.12,42.71,28.03,0.00,18.44
f,54.34,42.98,38.60,30.82,18.44,0.00
