,a,b,c,d,e,f
a,0.00,16.67,28.57,36.51,32.54,36.51
b,16.67,0.00,20.63,28.57,24.60,28.57
c,28.57,20.63,0.00,24.60,20.63,16.67
d,36.51,28.57,24.60,0.00,20.63,24.60
e,32.54,24.60,20.63,20.63,0.00,20.63
f,36.51,28.57,16.67,24.60,20.63,0.00
