,a,b,c,d,e,f
a,0.00,9.09,19.19,29.29,44.44,49.49
b,9.09,0.00,14.14,24.24,39.39,44.44
c,19.19,14.14,0.00,14.14,29.29,34.34
d,29.29,24.24,14.14,0.00,21.30,21.30
e,44.44,39.39,29.29,21.30,0.00,25.93
f,49.49,44.44,34.34,21.30,25.93,0.00
