,a,b,c,d,e,f
a,0.00,20.83,20.83,25.00,32.20,32.43
b,20.83,0.00,16.67,20.83,26.55,27.93
c,20.83,16.67,0.00,12.50,20.90,18.92
d,25.00,20.83,12.50,0.00,9.60,9.91
e,32.20,26.55,20.90,9.60,0.00,11.95
f,32.43,27.93,18.92,9.91,11.95,0.00
