,a,b,c,d,e,f
a,0.00,11.54,15.38,15.38,19.23,18.45
b,11.54,0.00,15.38,15.38,19.23,18.45
c,15.38,15.38,0.00,15.38,19.23,18.45
d,15.38,15.38,15.38,0.00,7.69,5.58
e,19.23,19.23,19.23,7.69,0.00,2.44
f,18.45,18.45,18.45,5.58,2.44,0.00
