,a,b,c,d,e,f
a,0.00,16.67,12.88,28.03,28.03,40.93
b,16.67,0.00,24.24,31.82,31.82,45.15
c,12.88,24.24,0.00,20.96,20.96,35.61
d,28.03,31.82,20.96,0.00,3.78,20.45
e,28.03,31.82,20.96,3.78,0.00,20.45
f,40.93,45.15,35.61,20.45,20.45,0.00
