,a,b,c,d,e,f
a,0.00,20.95,17.00,20.35,21.05,26.32
b,20.95,0.00,28.85,29.20,26.32,31.58
c,17.00,28.85,0.00,15.93,21.05,26.32
d,20.35,29.20,15.93,0.00,15.79,21.05
e,21.05,26.32,21.05,15.79,0.00,10.53
f,26.32,31.58,26.32,21.05,10.53,0.00
