,a,b,c,d,e,f
a,0.00,27.71,30.11,35.74,43.78,43.78
b,27.71,0.00,17.75,25.17,31.97,31.97
c,30.11,17.75,0.00,19.68,27.71,23.69
d,35.74,25.17,19.68,0.00,19.00,12.77
e,43.78,31.97,27.71,19.00,0.00,12.77
f,43.78,31.97,23.69,12.77,12.77,0.00
