,a,b,c,d,e,f
a,0.00,12.70,22.71,32.37,33.33,33.33
b,12.70,0.00,13.04,17.87,22.22,22.22
c,22.71,13.04,0.00,27.54,27.78,27.78
d,32.37,17.87,27.54,0.00,10.05,10.05
e,33.33,22.22,27.78,10.05,0.00,4.76
f,33.33,22.22,27.78,10.05,4.76,0.00
