,a,b,c,d,e,f
a,0.00,9.09,17.00,20.95,27.66,34.43
b,9.09,0.00,17.00,20.95,27.66,34.43
c,17.00,17.00,0.00,10.71,16.03,22.51
d,20.95,20.95,10.71,0.00,8.40,11.44
e,27.66,27.66,16.03,8.40,0.00,4.58
f,34.43,34.43,22.51,11.44,4.58,0.00
