,a,b,c,d,e,f
a,0.00,20.63,17.70,16.67,30.56,30.56
b,20.63,0.00,12.70,11.88,21.30,21.30
c,17.70,12.70,0.00,8.73,22.71,22.71
d,16.67,11.88,8.73,0.00,11.11,11.11
e,30.56,21.30,22.71,11.11,0.00,2.22
f,30.56,21.30,22.71,11.11,2.22,0.00
