,a,b,c,d,e,f
a,0.00,12.13,23.08,24.69,43.04,35.71
b,12.13,0.00,32.99,33.96,54.20,46.90
c,23.08,32.99,0.00,26.06,28.14,28.57
d,24.69,33.96,26.06,0.00,40.54,30.38
e,43.04,54.20,28.14,40.54,0.00,30.38
f,35.71,46.90,28.57,30.38,30.38,0.00
