,a,b,c,d,e,f
a,0.00,36.78,31.03,31.03,31.03,48.72
b,36.78,0.00,28.03,24.24,21.57,54.02
c,31.03,28.03,0.00,16.67,17.65,42.53
d,31.03,24.24,16.67,0.00,1.96,31.03
e,31.03,21.57,17.65,1.96,0.00,31.03
f,48.72,54.02,42.53,31.03,31.03,0.00
