,a,b,c,d,e,f
a,0.00,5.14,17.00,14.89,31.91,44.68
b,5.14,0.00,20.95,19.15,31.91,48.94
c,17.00,20.95,0.00,19.15,40.43,48.94
d,14.89,19.15,19.15,0.00,30.88,40.09
e,31.91,31.91,40.43,30.88,0.00,35.48
f,44.68,48.94,48.94,40.09,35.48,0.00
