,a,b,c,d,e,f
a,0.00,28.57,24.81,43.30,53.61,48.45
b,28.57,0.00,21.05,38.14,38.14,43.30
c,24.81,21.05,0.00,27.84,38.14,32.99
d,43.30,38.14,27.84,0.00,27.84,22.68
e,53.61,38.14,38.14,27.84,0.00,22.68
f,48.45,43.30,32.99,22.68,22.68,0.00
