,a,b,c,d,e,f
a,0.00,20.00,24.44,31.22,22.22,25.93
b,20.00,0.00,14.53,24.24,20.63,24.24
c,24.44,14.53,0.00,14.14,10.05,14.14
d,31.22,24.24,14.14,0.00,13.04,24.44
e,22.22,20.63,10.05,13.04,0.00,13.04
f,25.93,24.24,14.14,24.44,13.04,0.00
