,a,b,c,d,e,f
a,0.00,21.88,21.88,32.77,31.17,45.54
b,21.88,0.00,21.88,36.97,35.22,45.54
c,21.88,21.88,0.00,28.57,27.13,45.54
d,32.77,36.97,28.57,0.00,35.48,40.91
e,31.17,35.22,27.13,35.48,0.00,47.60
f,45.54,45.54,45.54,40.91,47.60,0.00
