,a,b,c,d,e,f
a,0.00,18.60,29.17,41.67,41.67,41.67
b,18.60,0.00,20.79,30.69,33.99,33.99
c,29.17,20.79,0.00,17.49,20.79,20.79
d,41.67,30.69,17.49,0.00,10.26,16.67
e,41.67,33.99,20.79,10.26,0.00,13.46
f,41.67,33.99,20.79,16.67,13.46,0.00
