,a,b,c,d,e,f
a,0.00,21.05,16.33,26.92,19.23,36.25
b,21.05,0.00,21.79,27.37,32.96,38.55
c,16.33,21.79,0.00,15.66,10.83,24.59
d,26.92,27.37,15.66,0.00,13.31,29.94
e,19.23,32.96,10.83,13.31,0.00,24.59
f,36.25,38.55,24.59,29.94,24.59,0.00
