,a,b,c,d,e,f
a,0.00,10.85,10.85,14.41,27.93,27.93
b,10.85,0.00,10.85,14.41,27.93,27.93
c,10.85,10.85,0.00,20.83,33.33,37.50
d,14.41,14.41,20.83,0.00,29.17,33.33
e,27.93,27.93,33.33,29.17,0.00,10.11
f,27.93,27.93,37.50,33.33,10.11,0.00
