,a,b,c,d,e,f
a,0.00,29.08,43.26,29.08,46.81,53.59
b,29.08,0.00,50.35,36.17,57.45,57.81
c,43.26,50.35,0.00,30.82,43.40,41.39
d,29.08,36.17,30.82,0.00,23.88,25.60
e,46.81,57.45,43.40,23.88,0.00,15.25
f,53.59,57.81,41.39,25.60,15.25,0.00
