,a,b,c,d,e,f
a,0.00,4.94,12.55,31.56,31.56,23.95
b,4.94,0.00,12.55,31.56,31.56,23.95
c,12.55,12.55,0.00,23.95,31.56,16.35
d,31.56,31.56,23.95,0.00,32.38,14.59
e,31.56,31.56,31.56,32.38,0.00,25.27
f,23.95,23.95,16.35,14.59,25.27,0.00
