,a,b,c,d,e,f
a,0.00,25.47,28.93,34.01,28.93,28.93
b,25.47,0.00,25.47,31.68,19.25,25.47
c,28.93,25.47,0.00,24.11,28.57,33.04
d,34.01,31.68,24.11,0.00,19.86,26.83
e,28.93,19.25,28.57,19.86,0.00,16.38
f,28.93,25.47,33.04,26.83,16.38,0.00
