,a,b,c,d,e,f
a,0.00,23.50,27.08,27.08,27.08,34.43
b,23.50,0.00,12.57,12.57,23.50,25.29
c,27.08,12.57,0.00,6.25,16.67,23.50
d,27.08,12.57,6.25,0.00,16.67,23.50
e,27.08,23.50,16.67,16.67,0.00,18.03
f,34.43,25.29,23.50,23.50,18.03,0.00
