,a,b,c,d,e,f
a,0.00,14.53,30.56,27.35,49.07,44.44
b,14.53,0.00,16.67,23.08,44.44,39.81
c,30.56,16.67,0.00,30.56,52.38,44.44
d,27.35,23.08,30.56,0.00,39.81,35.19
e,49.07,44.44,52.38,39.81,0.00,18.80
f,44.44,39.81,44.44,35.19,18.80,0.00
