,a,b,c,d,e,f
a,0.00,30.23,69.39,34.01,39.09,34.01
b,30.23,0.00,53.27,25.58,30.23,25.58
c,69.39,53.27,0.00,53.27,62.62,53.27
d,34.01,25.58,53.27,0.00,16.28,6.98
e,39.09,30.23,62.62,16.28,0.00,16.28
f,34.01,25.58,53.27,6.98,16.28,0.00
