,a,b,c,d,e,f
a,0.00,11.29,23.39,35.96,41.42,30.43
b,11.29,0.00,27.42,31.03,37.24,26.09
c,23.39,27.42,0.00,45.81,53.97,39.13
d,35.96,31.03,45.81,0.00,38.91,28.33
e,41.42,37.24,53.97,38.91,0.00,20.55
f,30.43,26.09,39.13,28.33,20.55,0.00
