,a,b,c,d,e,f
a,0.00,28.91,24.37,21.88,39.27,31.17
b,28.91,0.00,24.37,17.97,33.65,28.91
c,24.37,24.37,0.00,11.66,24.37,15.97
d,21.88,17.97,11.66,0.00,21.88,14.06
e,39.27,33.65,24.37,21.88,0.00,10.16
f,31.17,28.91,15.97,14.06,10.16,0.00
