,a,b,c,d,e,f
a,0.00,6.98,21.49,21.49,25.58,21.49
b,6.98,0.00,20.93,20.93,30.85,20.93
c,21.49,20.93,0.00,9.09,20.93,9.09
d,21.49,20.93,9.09,0.00,20.93,9.09
e,25.58,30.85,20.93,20.93,0.00,11.63
f,21.49,20.93,9.09,9.09,11.63,0.00
