,a,b,c,d,e,f
a,0.00,19.54,8.05,15.71,29.29,22.22
b,19.54,0.00,15.71,23.37,39.39,22.22
c,8.05,15.71,0.00,11.88,29.29,16.67
d,15.71,23.37,11.88,0.00,19.19,11.11
e,29.29,39.39,29.29,19.19,0.00,21.57
f,22.22,22.22,16.67,11.11,21.57,0.00
