,a,b,c,d,e,f
a,0.00,14.45,26.28,19.00,28.35,38.41
b,14.45,0.00,19.54,13.17,29.97,32.69
c,26.28,19.54,0.00,15.30,20.77,19.00
d,19.00,13.17,15.30,0.00,19.71,25.29
e,28.35,29.97,20.77,19.71,0.00,29.97
f,38.41,32.69,19.00,25.29,29.97,0.00
