,a,b,c,d,e,f
a,0.00,14.73,22.48,41.86,26.41,26.36
b,14.73,0.00,12.28,29.82,22.48,19.30
c,22.48,12.28,0.00,33.33,26.36,22.81
d,41.86,29.82,33.33,0.00,34.11,33.33
e,26.41,22.48,26.36,34.11,0.00,3.10
f,26.36,19.30,22.81,33.33,3.10,0.00
