,a,b,c,d,e,f
a,0.00,32.64,25.76,12.66,30.13,25.76
b,32.64,0.00,48.19,43.01,58.55,53.37
c,25.76,48.19,0.00,17.03,30.13,21.40
d,12.66,43.01,17.03,0.00,25.76,17.03
e,30.13,58.55,30.13,25.76,0.00,23.36
f,25.76,53.37,21.40,17.03,23.36,0.00
