,a,b,c,d,e,f
a,0.00,18.92,41.46,29.46,21.16,33.61
b,18.92,0.00,41.46,37.76,33.61,41.91
c,41.46,41.46,0.00,35.83,30.48,35.83
d,29.46,37.76,35.83,0.00,32.84,38.63
e,21.16,33.61,30.48,32.84,0.00,17.91
f,33.61,41.91,35.83,38.63,17.91,0.00
