,a,b,c,d,e,f
a,0.00,23.37,19.54,31.03,42.53,46.36
b,23.37,0.00,25.93,38.27,46.50,46.50
c,19.54,25.93,0.00,27.20,34.87,38.70
d,31.03,38.27,27.20,0.00,32.10,32.10
e,42.53,46.50,34.87,32.10,0.00,15.99
f,46.36,46.50,38.70,32.10,15.99,0.00
