,a,b,c,d,e,f
a,0.00,14.06,17.97,14.06,25.78,19.43
b,14.06,0.00,21.88,14.06,25.78,24.17
c,17.97,21.88,0.00,21.88,25.78,28.91
d,14.06,14.06,21.88,0.00,17.97,14.69
e,25.78,25.78,25.78,17.97,0.00,9.95
f,19.43,24.17,28.91,14.69,9.95,0.00
