,a,b,c,d,e,f
a,0.00,10.16,14.06,45.65,40.22,34.78
b,10.16,0.00,6.25,34.78,29.35,23.91
c,14.06,6.25,0.00,34.78,29.35,23.91
d,45.65,34.78,34.78,0.00,20.79,20.79
e,40.22,29.35,29.35,20.79,0.00,11.76
f,34.78,23.91,23.91,20.79,11.76,0.00
