,a,b,c,d,e,f
a,0.00,11.29,26.09,43.48,33.96,40.54
b,11.29,0.00,36.65,41.18,31.03,37.50
c,26.09,36.65,0.00,29.96,33.05,33.96
d,43.48,41.18,29.96,0.00,28.87,19.81
e,33.96,31.03,33.05,28.87,0.00,15.09
f,40.54,37.50,33.96,19.81,15.09,0.00
