,a,b,c,d,e,f
a,0.00,11.39,13.73,33.33,32.29,30.89
b,11.39,0.00,15.61,40.93,42.53,38.60
c,13.73,15.61,0.00,33.33,32.29,30.89
d,33.33,40.93,33.33,0.00,16.67,22.76
e,32.29,42.53,32.29,16.67,0.00,12.57
f,30.89,38.60,30.89,22.76,12.57,0.00
