,a,b,c,d,e,f
a,0.00,11.02,8.09,30.61,37.01,54.37
b,11.02,0.00,11.02,35.78,42.73,61.86
c,8.09,11.02,0.00,30.61,37.01,54.37
d,30.61,35.78,30.61,0.00,27.76,44.85
e,37.01,42.73,37.01,27.76,0.00,35.94
f,54.37,61.86,54.37,44.85,35.94,0.00
