,a,b,c,d,e,f
a,0.00,37.76,37.76,40.83,46.75,46.75
b,37.76,0.00,21.16,34.91,34.91,34.91
c,37.76,21.16,0.00,40.83,34.91,34.91
d,40.83,34.91,40.83,0.00,23.08,23.08
e,46.75,34.91,34.91,23.08,0.00,11.24
f,46.75,34.91,34.91,23.08,11.24,0.00
