,a,b,c,d,e,f
a,0.00,13.04,19.15,32.81,48.62,54.92
b,13.04,0.00,19.15,32.81,48.62,54.92
c,19.15,19.15,0.00,19.15,31.91,38.05
d,32.81,32.81,19.15,0.00,24.90,30.33
e,48.62,48.62,31.91,24.90,0.00,5.74
f,54.92,54.92,38.05,30.33,5.74,0.00
