,a,b,c,d,e,f
a,0.00,19.85,19.85,23.66,31.30,38.93
b,19.85,0.00,27.48,31.30,38.93,38.93
c,19.85,27.48,0.00,7.75,15.13,26.20
d,23.66,31.30,7.75,0.00,11.44,22.51
e,31.30,38.93,15.13,11.44,0.00,15.31
f,38.93,38.93,26.20,22.51,15.31,0.00
