,a,b,c,d,e,f
a,0.00,25.49,22.76,18.70,34.96,34.96
b,25.49,0.00,22.76,22.76,39.02,39.02
c,22.76,22.76,0.00,22.76,30.89,34.96
d,18.70,22.76,22.76,0.00,18.70,18.70
e,34.96,39.02,30.89,18.70,0.00,14.63
f,34.96,39.02,34.96,18.70,14.63,0.00
