,a,b,c,d,e,f
a,0.00,40.89,26.09,43.48,39.13,52.17
b,40.89,0.00,18.92,40.54,40.54,51.35
c,26.09,18.92,0.00,33.05,28.87,37.24
d,43.48,40.54,33.05,0.00,16.32,28.87
e,39.13,40.54,28.87,16.32,0.00,24.69
f,52.17,51.35,37.24,28.87,24.69,0.00
