,a,b,c,d,e,f
a,0.00,23.66,19.85,36.76,35.11,27.48
b,23.66,0.00,16.03,36.76,31.30,27.48
c,19.85,16.03,0.00,26.20,21.43,21.43
d,36.76,36.76,26.20,0.00,18.82,18.82
e,35.11,31.30,21.43,18.82,0.00,14.29
f,27.48,27.48,21.43,18.82,14.29,0.00
