,a,b,c,d,e,f
a,0.00,10.00,11.89,11.89,16.30,11.89
b,10.00,0.00,19.08,19.08,24.86,19.08
c,11.89,19.08,0.00,3.08,7.49,3.08
d,11.89,19.08,3.08,0.00,7.49,3.08
e,16.30,24.86,7.49,7.49,0.00,7.49
f,11.89,19.08,3.08,3.08,7.49,0.00
