,a,b,c,d,e,f
a,0.00,1.96,9.80,5.88,7.17,21.88
b,1.96,0.00,9.80,5.88,7.17,21.88
c,9.80,9.80,0.00,13.73,15.61,32.29
d,5.88,5.88,13.73,0.00,2.95,16.67
e,7.17,7.17,15.61,2.95,0.00,15.42
f,21.88,21.88,32.29,16.67,15.42,0.00
