,a,b,c,d,e,f
a,0.00,13.04,20.35,29.20,38.05,38.05
b,13.04,0.00,24.78,33.63,38.05,33.63
c,20.35,24.78,0.00,20.35,33.63,33.63
d,29.20,33.63,20.35,0.00,33.63,33.63
e,38.05,38.05,33.63,33.63,0.00,15.93
f,38.05,33.63,33.63,33.63,15.93,0.00
