,a,b,c,d,e,f
a,0.00,22.75,21.49,20.93,36.17,36.17
b,22.75,0.00,28.57,28.93,41.18,47.06
c,21.49,28.57,0.00,6.98,25.53,25.53
d,20.93,28.93,6.98,0.00,20.21,20.21
e,36.17,41.18,25.53,20.21,0.00,14.89
f,36.17,47.06,25.53,20.21,14.89,0.00
