,a,b,c,d,e,f
a,0.00,22.37,27.08,51.52,37.50,47.92
b,22.37,0.00,23.50,36.78,34.43,45.36
c,27.08,23.50,0.00,32.29,30.89,34.96
d,51.52,36.78,32.29,0.00,27.08,32.29
e,37.50,34.43,30.89,27.08,0.00,30.89
f,47.92,45.36,34.96,32.29,30.89,0.00
