,a,b,c,d,e,f
a,0.00,12.00,12.00,24.00,56.00,43.88
b,12.00,0.00,0.96,13.74,48.88,38.22
c,12.00,0.96,0.00,13.74,48.88,38.22
d,24.00,13.74,13.74,0.00,39.30,30.50
e,56.00,48.88,48.88,39.30,0.00,30.50
f,43.88,38.22,38.22,30.50,30.50,0.00
