,a,b,c,d,e,f
a,0.00,14.40,18.29,26.07,18.29,27.42
b,14.40,0.00,14.68,21.50,14.68,23.39
c,18.29,14.68,0.00,18.09,14.68,27.42
d,26.07,21.50,18.09,0.00,7.85,23.39
e,18.29,14.68,14.68,7.85,0.00,15.32
f,27.42,23.39,27.42,23.39,15.32,0.00
