,a,b,c,d,e,f
a,0.00,31.56,23.95,23.95,27.76,23.95
b,31.56,0.00,12.18,12.18,17.85,15.01
c,23.95,12.18,0.00,0.85,6.52,3.68
d,23.95,12.18,0.85,0.00,6.52,3.68
e,27.76,17.85,6.52,6.52,0.00,3.68
f,23.95,15.01,3.68,3.68,3.68,0.00
