,a,b,c,d,e,f
a,0.00,18.82,42.31,47.12,47.12,64.82
b,18.82,0.00,31.91,36.17,36.17,55.75
c,42.31,31.91,0.00,31.91,31.91,51.33
d,47.12,36.17,31.91,0.00,20.45,38.78
e,47.12,36.17,31.91,20.45,0.00,23.30
f,64.82,55.75,51.33,38.78,23.30,0.00
