,a,b,c,d,e,f
a,0.00,17.75,16.67,37.85,40.48,40.48
b,17.75,0.00,12.50,31.37,46.08,46.08
c,16.67,12.50,0.00,26.47,46.08,41.18
d,37.85,31.37,26.47,0.00,52.38,46.43
e,40.48,46.08,46.08,52.38,0.00,26.47
f,40.48,46.08,41.18,46.43,26.47,0.00
