,a,b,c,d,e,f
a,0.00,9.84,9.55,13.93,13.93,15.79
b,9.84,0.00,9.55,13.93,13.93,15.79
c,9.55,9.55,0.00,9.55,14.57,12.79
d,13.93,13.93,9.55,0.00,18.03,21.05
e,13.93,13.93,14.57,18.03,0.00,8.65
f,15.79,15.79,12.79,21.05,8.65,0.00
