,a,b,c,d,e,f
a,0.00,24.00,28.00,31.03,26.72,48.60
b,24.00,0.00,24.00,22.41,22.41,43.93
c,28.00,24.00,0.00,11.86,11.86,31.41
d,31.03,22.41,11.86,0.00,9.09,29.10
e,26.72,22.41,11.86,9.09,0.00,27.63
f,48.60,43.93,31.41,29.10,27.63,0.00
