,a,b,c,d,e,f
a,0.00,30.40,32.49,36.71,42.86,52.38
b,30.40,0.00,35.78,34.52,43.33,56.67
c,32.49,35.78,0.00,26.67,22.33,28.80
d,36.71,34.52,26.67,0.00,19.09,32.04
e,42.86,43.33,22.33,19.09,0.00,27.67
f,52.38,56.67,28.80,32.04,27.67,0.00
