,a,b,c,d,e,f
a,0.00,18.03,13.51,13.51,29.73,18.92
b,18.03,0.00,21.43,21.43,21.43,35.71
c,13.51,21.43,0.00,8.70,30.43,17.39
d,13.51,21.43,8.70,0.00,26.09,13.04
e,29.73,21.43,30.43,26.09,0.00,34.78
f,18.92,35.71,17.39,13.04,34.78,0.00
