,a,b,c,d,e,f
a,0.00,4.55,20.79,19.03,19.03,19.03
b,4.55,0.00,18.48,14.98,19.03,14.98
c,20.79,18.48,0.00,9.95,14.69,19.43
d,19.03,14.98,9.95,0.00,12.41,8.76
e,19.03,19.03,14.69,12.41,0.00,12.41
f,19.03,14.98,19.43,8.76,12.41,0.00
