,a,b,c,d,e,f
a,0.00,25.53,19.64,22.33,27.63,34.21
b,25.53,0.00,38.55,38.55,47.76,55.22
c,19.64,38.55,0.00,13.71,16.08,23.08
d,22.33,38.55,13.71,0.00,7.89,14.47
e,27.63,47.76,16.08,7.89,0.00,13.04
f,34.21,55.22,23.08,14.47,13.04,0.00
