,a,b,c,d,e,f
a,0.00,14.29,11.46,11.46,11.46,25.29
b,14.29,0.00,16.67,21.88,21.88,36.78
c,11.46,16.67,0.00,16.67,16.67,31.03
d,11.46,21.88,16.67,0.00,4.11,15.42
e,11.46,21.88,16.67,4.11,0.00,15.42
f,25.29,36.78,31.03,15.42,15.42,0.00
