,a,b,c,d,e,f
a,0.00,11.20,12.00,15.06,26.64,26.64
b,11.20,0.00,12.00,15.06,26.64,26.64
c,12.00,12.00,0.00,13.74,23.32,20.13
d,15.06,15.06,13.74,0.00,14.71,14.71
e,26.64,26.64,23.32,14.71,0.00,20.59
f,26.64,26.64,20.13,14.71,20.59,0.00
