,a,b,c,d,e,f
a,0.00,10.31,32.00,26.64,18.92,35.34
b,10.31,0.00,25.23,28.25,19.28,38.78
c,32.00,25.23,0.00,20.00,20.00,41.70
d,26.64,28.25,20.00,0.00,11.20,35.34
e,18.92,19.28,20.00,11.20,0.00,21.64
f,35.34,38.78,41.70,35.34,21.64,0.00
