,a,b,c,d,e,f
a,0.00,16.00,11.20,8.00,23.77,19.28
b,16.00,0.00,23.08,24.00,41.70,37.22
c,11.20,23.08,0.00,11.20,31.03,22.41
d,8.00,24.00,11.20,0.00,22.78,11.20
e,23.77,41.70,31.03,22.78,0.00,26.64
f,19.28,37.22,22.41,11.20,26.64,0.00
