,a,b,c,d,e,f
a,0.00,8.30,12.66,22.28,25.76,51.97
b,8.30,0.00,17.03,22.28,25.76,51.97
c,12.66,17.03,0.00,17.10,17.03,43.23
d,22.28,22.28,17.10,0.00,6.88,35.22
e,25.76,25.76,17.03,6.88,0.00,25.80
f,51.97,51.97,43.23,35.22,25.80,0.00
