,a,b,c,d,e,f
a,0.00,25.74,25.74,50.50,55.45,55.45
b,25.74,0.00,5.94,45.54,40.59,40.59
c,25.74,5.94,0.00,45.54,40.59,40.59
d,50.50,45.54,45.54,0.00,20.79,20.79
e,55.45,40.59,40.59,20.79,0.00,5.94
f,55.45,40.59,40.59,20.79,5.94,0.00
