,a,b,c,d,e,f
a,0.00,11.50,33.63,24.78,24.78,24.78
b,11.50,0.00,29.20,20.35,15.93,20.35
c,33.63,29.20,0.00,11.50,24.78,20.35
d,24.78,20.35,11.50,0.00,15.93,11.50
e,24.78,15.93,24.78,15.93,0.00,15.93
f,24.78,20.35,20.35,11.50,15.93,0.00
