,a,b,c,d,e,f
a,0.00,26.47,46.24,46.24,64.29,64.29
b,26.47,0.00,35.48,40.86,58.33,58.33
c,46.24,35.48,0.00,19.35,34.52,34.52
d,46.24,40.86,19.35,0.00,40.86,40.86
e,64.29,58.33,34.52,40.86,0.00,8.60
f,64.29,58.33,34.52,40.86,8.60,0.00
