,a,b,c,d,e,f
a,0.00,13.46,14.57,14.57,31.58,36.84
b,13.46,0.00,31.03,31.03,41.18,48.53
c,14.57,31.03,0.00,9.55,26.32,31.58
d,14.57,31.03,9.55,0.00,26.32,31.58
e,31.58,41.18,26.32,26.32,0.00,24.90
f,36.84,48.53,31.58,31.58,24.90,0.00
