,a,b,c,d,e,f
a,0.00,11.54,7.69,21.49,25.58,30.23
b,11.54,0.00,10.22,21.31,28.06,31.65
c,7.69,10.22,0.00,21.31,24.46,28.06
d,21.49,21.31,21.31,0.00,18.03,21.31
e,25.58,28.06,24.46,18.03,0.00,4.92
f,30.23,31.65,28.06,21.31,4.92,0.00
