,a,b,c,d,e,f
a,0.00,39.70,21.66,21.66,27.88,26.27
b,39.70,0.00,30.88,26.27,32.69,40.09
c,21.66,30.88,0.00,14.89,20.35,27.66
d,21.66,26.27,14.89,0.00,5.74,13.04
e,27.88,32.69,20.35,5.74,0.00,18.03
f,26.27,40.09,27.66,13.04,18.03,0.00
