,a,b,c,d,e,f
a,0.00,18.29,38.14,27.84,35.71,27.84
b,18.29,0.00,19.81,24.53,24.05,19.81
c,38.14,19.81,0.00,33.05,31.82,24.69
d,27.84,24.53,33.05,0.00,26.14,20.50
e,35.71,24.05,31.82,26.14,0.00,14.77
f,27.84,19.81,24.69,20.50,14.77,0.00
