,a,b,c,d,e,f
a,0.00,12.04,16.67,24.24,34.34,40.74
b,12.04,0.00,16.67,24.24,34.34,40.74
c,16.67,16.67,0.00,19.19,34.34,33.33
d,24.24,24.24,19.19,0.00,19.19,33.33
e,34.34,34.34,34.34,19.19,0.00,11.11
f,40.74,40.74,33.33,33.33,11.11,0.00
