,a,b,c,d,e,f
a,0.00,16.00,24.00,24.00,25.23,29.91
b,16.00,0.00,8.00,8.00,6.54,11.21
c,24.00,8.00,0.00,0.00,11.21,15.89
d,24.00,8.00,0.00,0.00,11.21,15.89
e,25.23,6.54,11.21,11.21,0.00,6.54
f,29.91,11.21,15.89,15.89,6.54,0.00
