,a,b,c,d,e,f
a,0.00,19.71,37.96,27.01,37.96,30.66
b,19.71,0.00,25.81,19.35,32.26,25.81
c,37.96,25.81,0.00,32.26,41.94,38.71
d,27.01,19.35,32.26,0.00,17.50,10.00
e,37.96,32.26,41.94,17.50,0.00,7.49
f,30.66,25.81,38.71,10.00,7.49,0.00
