,a,b,c,d,e,f
a,0.00,12.21,33.63,31.91,58.62,51.72
b,12.21,0.00,24.78,23.40,44.83,37.93
c,33.63,24.78,0.00,6.57,29.65,30.23
d,31.91,23.40,6.57,0.00,29.65,30.23
e,58.62,44.83,29.65,29.65,0.00,12.44
f,51.72,37.93,30.23,30.23,12.44,0.00
