,a,b,c,d,e,f
a,0.00,14.98,24.37,23.08,25.74,31.17
b,14.98,0.00,11.76,10.93,10.89,19.03
c,24.37,11.76,0.00,13.21,9.09,20.75
d,23.08,10.93,13.21,0.00,12.66,19.71
e,25.74,10.89,9.09,12.66,0.00,12.66
f,31.17,19.03,20.75,19.71,12.66,0.00
