,a,b,c,d,e,f
a,0.00,33.65,41.75,25.68,25.68,25.68
b,33.65,0.00,22.33,32.43,32.43,32.43
c,41.75,22.33,0.00,32.04,32.04,32.04
d,25.68,32.43,32.04,0.00,12.16,12.16
e,25.68,32.43,32.04,12.16,0.00,12.16
f,25.68,32.43,32.04,12.16,12.16,0.00
