,a,b,c,d,e,f
a,0.00,17.36,17.36,44.19,21.49,22.75
b,17.36,0.00,19.23,44.21,23.08,24.30
c,17.36,19.23,0.00,40.77,20.38,21.31
d,44.19,44.21,40.77,0.00,31.89,36.31
e,21.49,23.08,20.38,31.89,0.00,8.86
f,22.75,24.30,21.31,36.31,8.86,0.00
