,a,b,c,d,e,f
a,0.00,5.88,6.50,21.05,7.89,7.89
b,5.88,0.00,10.57,25.44,12.28,12.28
c,6.50,10.57,0.00,13.24,4.11,4.11
d,21.05,25.44,13.24,0.00,16.67,16.67
e,7.89,12.28,4.11,16.67,0.00,3.51
f,7.89,12.28,4.11,16.67,3.51,0.00
