,a,b,c,d,e,f
a,0.00,25.32,13.39,20.00,19.49,19.49
b,25.32,0.00,25.20,35.00,32.20,32.20
c,13.39,25.20,0.00,15.00,15.25,15.25
d,20.00,35.00,15.00,0.00,14.29,14.29
e,19.49,32.20,15.25,14.29,0.00,14.59
f,19.49,32.20,15.25,14.29,14.59,0.00
