,a,b,c,d,e,f
a,0.00,24.30,32.27,46.43,36.25,36.25
b,24.30,0.00,16.33,24.11,32.27,20.32
c,32.27,16.33,0.00,14.16,23.08,11.54
d,46.43,24.11,14.16,0.00,31.33,18.45
e,36.25,32.27,23.08,31.33,0.00,11.54
f,36.25,20.32,11.54,18.45,11.54,0.00
