,a,b,c,d,e,f
a,0.00,18.10,39.85,43.75,56.25,50.00
b,18.10,0.00,47.37,43.75,56.25,50.00
c,39.85,47.37,0.00,32.33,54.89,39.85
d,43.75,43.75,32.33,0.00,37.50,31.25
e,56.25,56.25,54.89,37.50,0.00,31.25
f,50.00,50.00,39.85,31.25,31.25,0.00
