,a,b,c,d,e,f
a,0.00,10.89,18.18,18.18,25.74,25.74
b,10.89,0.00,20.79,20.79,23.91,29.35
c,18.18,20.79,0.00,13.64,20.79,20.79
d,18.18,20.79,13.64,0.00,10.89,10.89
e,25.74,23.91,20.79,10.89,0.00,12.66
f,25.74,29.35,20.79,10.89,12.66,0.00
