,a,b,c,d,e,f
a,0.00,21.05,29.20,24.78,39.70,34.67
b,21.05,0.00,21.05,15.79,32.52,26.38
c,29.20,21.05,0.00,15.93,24.62,24.62
d,24.78,15.79,15.93,0.00,19.60,14.57
e,39.70,32.52,24.62,19.60,0.00,7.08
f,34.67,26.38,24.62,14.57,7.08,0.00
