,a,b,c,d,e,f
a,0.00,15.97,24.37,28.57,31.82,24.37
b,15.97,0.00,24.37,28.57,31.82,32.77
c,24.37,24.37,0.00,11.76,22.73,24.37
d,28.57,28.57,11.76,0.00,11.66,13.62
e,31.82,31.82,22.73,11.66,0.00,15.19
f,24.37,32.77,24.37,13.62,15.19,0.00
