,a,b,c,d,e,f
a,0.00,4.38,12.35,17.36,20.93,25.58
b,4.38,0.00,8.37,13.22,25.58,30.23
c,12.35,8.37,0.00,21.49,34.88,39.53
d,17.36,13.22,21.49,0.00,36.89,36.89
e,20.93,25.58,34.88,36.89,0.00,16.28
f,25.58,30.23,39.53,36.89,16.28,0.00
