,a,b,c,d,e,f
a,0.00,26.36,38.97,40.48,55.88,55.88
b,26.36,0.00,15.49,16.67,36.27,36.27
c,38.97,15.49,0.00,12.82,23.42,23.42
d,40.48,16.67,12.82,0.00,20.90,20.90
e,55.88,36.27,23.42,20.90,0.00,11.65
f,55.88,36.27,23.42,20.90,11.65,0.00
