,a,b,c,d,e,f
a,0.00,4.00,19.28,28.00,40.83,28.99
b,4.00,0.00,23.77,32.00,46.75,34.91
c,19.28,23.77,0.00,32.74,56.25,43.75
d,28.00,32.00,32.74,0.00,40.83,28.99
e,40.83,46.75,56.25,40.83,0.00,17.16
f,28.99,34.91,43.75,28.99,17.16,0.00
