,a,b,c,d,e,f
a,0.00,11.76,25.76,33.73,45.78,57.83
b,11.76,0.00,23.08,27.46,37.82,48.19
c,25.76,23.08,0.00,17.10,22.28,43.01
d,33.73,27.46,17.10,0.00,17.10,32.64
e,45.78,37.82,22.28,17.10,0.00,37.82
f,57.83,48.19,43.01,32.64,37.82,0.00
