,a,b,c,d,e,f
a,0.00,33.57,42.08,38.22,34.36,39.25
b,33.57,0.00,31.47,31.47,34.01,34.10
c,42.08,31.47,0.00,30.85,38.83,42.60
d,38.22,31.47,30.85,0.00,28.93,34.10
e,34.36,34.01,38.83,28.93,0.00,17.55
f,39.25,34.10,42.60,34.10,17.55,0.00
