,a,b,c,d,e,f
a,0.00,16.33,28.29,20.32,39.09,39.09
b,16.33,0.00,36.25,24.30,44.16,44.16
c,28.29,36.25,0.00,32.27,39.09,39.09
d,20.32,24.30,32.27,0.00,28.93,28.93
e,39.09,44.16,39.09,28.93,0.00,3.55
f,39.09,44.16,39.09,28.93,3.55,0.00
