,a,b,c,d,e,f
a,0.00,24.24,32.37,40.17,54.73,50.62
b,24.24,0.00,35.67,38.89,52.38,57.67
c,32.37,35.67,0.00,19.19,32.37,37.20
d,40.17,38.89,19.19,0.00,31.62,31.62
e,54.73,52.38,32.37,31.62,0.00,21.81
f,50.62,57.67,37.20,31.62,21.81,0.00
