,a,b,c,d,e,f
a,0.00,24.60,41.80,28.57,32.54,39.81
b,24.60,0.00,52.38,32.54,40.48,44.44
c,41.80,52.38,0.00,25.93,31.22,41.18
d,28.57,32.54,25.93,0.00,8.73,21.30
e,32.54,40.48,31.22,8.73,0.00,21.30
f,39.81,44.44,41.18,21.30,21.30,0.00
