,a,b,c,d,e,f
a,0.00,18.37,23.73,32.20,40.68,32.20
b,18.37,0.00,10.20,18.37,30.61,22.45
c,23.73,10.20,0.00,14.29,34.69,26.53
d,32.20,18.37,14.29,0.00,26.53,18.37
e,40.68,30.61,34.69,26.53,0.00,10.20
f,32.20,22.45,26.53,18.37,10.20,0.00
