,a,b,c,d,e,f
a,0.00,20.17,24.37,38.86,49.64,38.86
b,20.17,0.00,7.56,30.13,35.25,25.76
c,24.37,7.56,0.00,30.13,42.45,30.13
d,38.86,30.13,30.13,0.00,20.86,17.03
e,49.64,35.25,42.45,20.86,0.00,13.67
f,38.86,25.76,30.13,17.03,13.67,0.00
