,a,b,c,d,e,f
a,0.00,12.50,20.83,22.08,35.06,26.41
b,12.50,0.00,20.83,17.75,30.74,22.08
c,20.83,20.83,0.00,13.42,17.75,9.09
d,22.08,17.75,13.42,0.00,26.41,17.75
e,35.06,30.74,17.75,26.41,0.00,10.11
f,26.41,22.08,9.09,17.75,10.11,0.00
