,a,b,c,d,e,f
a,0.00,13.39,11.89,33.07,28.57,25.11
b,13.39,0.00,11.89,21.26,17.58,16.30
c,11.89,11.89,0.00,16.30,8.54,9.09
d,33.07,21.26,16.30,0.00,23.08,20.70
e,28.57,17.58,8.54,23.08,0.00,6.59
f,25.11,16.30,9.09,20.70,6.59,0.00
