,a,b,c,d,e,f
a,0.00,21.64,14.18,29.10,37.76,32.84
b,21.64,0.00,25.37,40.30,46.06,40.30
c,14.18,25.37,0.00,25.37,29.46,25.37
d,29.10,40.30,25.37,0.00,21.16,21.64
e,37.76,46.06,29.46,21.16,0.00,14.47
f,32.84,40.30,25.37,21.64,14.47,0.00
