,a,b,c,d,e,f
a,0.00,30.00,7.49,16.30,33.92,29.52
b,30.00,0.00,28.57,25.00,45.00,40.00
c,7.49,28.57,0.00,9.09,23.44,18.66
d,16.30,25.00,9.09,0.00,20.15,16.35
e,33.92,45.00,23.44,20.15,0.00,4.94
f,29.52,40.00,18.66,16.35,4.94,0.00
