,a,b,c,d,e,f
a,0.00,14.63,42.86,28.03,41.18,42.71
b,14.63,0.00,37.50,22.76,32.49,42.53
c,42.86,37.50,0.00,38.10,40.30,45.45
d,28.03,22.76,38.10,0.00,15.09,29.41
e,41.18,32.49,40.30,15.09,0.00,30.89
f,42.71,42.53,45.45,29.41,30.89,0.00
