,a,b,c,d,e,f
a,0.00,0.79,21.30,30.56,21.30,35.19
b,0.79,0.00,21.30,30.56,21.30,35.19
c,21.30,21.30,0.00,16.67,25.93,39.81
d,30.56,30.56,16.67,0.00,35.19,49.07
e,21.30,21.30,25.93,35.19,0.00,21.30
f,35.19,35.19,39.81,49.07,21.30,0.00
