,a,b,c,d,e,f
a,0.00,12.70,4.76,20.63,44.44,25.93
b,12.70,0.00,16.67,36.51,56.79,41.80
c,4.76,16.67,0.00,15.34,38.27,20.63
d,20.63,36.51,15.34,0.00,25.93,10.05
e,44.44,56.79,38.27,25.93,0.00,19.75
f,25.93,41.80,20.63,10.05,19.75,0.00
