,a,b,c,d,e,f
a,0.00,23.08,35.22,28.91,45.45,40.91
b,23.08,0.00,23.36,34.50,49.58,45.38
c,35.22,23.36,0.00,21.40,36.97,24.37
d,28.91,34.50,21.40,0.00,30.66,16.06
e,45.45,49.58,36.97,30.66,0.00,22.26
f,40.91,45.38,24.37,16.06,22.26,0.00
