,a,b,c,d,e,f
a,0.00,9.09,24.90,24.62,24.90,28.85
b,9.09,0.00,17.00,14.57,17.00,20.95
c,24.90,17.00,0.00,14.57,28.85,32.81
d,24.62,14.57,14.57,0.00,24.62,29.65
e,24.90,17.00,28.85,24.62,0.00,5.14
f,28.85,20.95,32.81,29.65,5.14,0.00
