,a,b,c,d,e,f
a,0.00,25.78,21.88,21.88,21.88,41.41
b,25.78,0.00,14.06,10.16,17.97,37.50
c,21.88,14.06,0.00,10.16,17.97,33.59
d,21.88,10.16,10.16,0.00,10.16,29.69
e,21.88,17.97,17.97,10.16,0.00,21.88
f,41.41,37.50,33.59,29.69,21.88,0.00
