,a,b,c,d,e,f
a,0.00,9.43,16.98,20.79,23.57,42.45
b,9.43,0.00,20.75,25.74,29.94,49.64
c,16.98,20.75,0.00,25.76,23.91,39.76
d,20.79,25.74,25.76,0.00,13.04,33.73
e,23.57,29.94,23.91,13.04,0.00,33.73
f,42.45,49.64,39.76,33.73,33.73,0.00
