,a,b,c,d,e,f
a,0.00,16.00,25.23,25.31,32.58,38.20
b,16.00,0.00,25.23,25.31,26.97,32.58
c,25.23,25.23,0.00,8.71,18.37,23.47
d,25.31,25.31,8.71,0.00,11.21,15.89
e,32.58,26.97,18.37,11.21,0.00,20.56
f,38.20,32.58,23.47,15.89,20.56,0.00
