,a,b,c,d,e,f
a,0.00,21.74,28.57,36.09,28.57,43.61
b,21.74,0.00,26.09,26.09,21.74,34.78
c,28.57,26.09,0.00,14.89,17.93,36.17
d,36.09,26.09,14.89,0.00,16.43,36.60
e,28.57,21.74,17.93,16.43,0.00,29.27
f,43.61,34.78,36.17,36.60,29.27,0.00
