,a,b,c,d,e,f
a,0.00,19.41,28.27,24.24,39.39,39.39
b,19.41,0.00,40.93,35.61,46.97,46.97
c,28.27,40.93,0.00,28.27,45.15,45.15
d,24.24,35.61,28.27,0.00,17.43,17.43
e,39.39,46.97,45.15,17.43,0.00,8.26
f,39.39,46.97,45.15,17.43,8.26,0.00
