,a,b,c,d,e,f
a,0.00,9.42,28.84,34.78,27.54,31.16
b,9.42,0.00,28.84,34.78,27.54,31.16
c,28.84,28.84,0.00,25.29,19.54,22.41
d,34.78,34.78,25.29,0.00,6.76,9.09
e,27.54,27.54,19.54,6.76,0.00,4.43
f,31.16,31.16,22.41,9.09,4.43,0.00
