,a,b,c,d,e,f
a,0.00,10.80,6.86,15.49,15.49,10.80
b,10.80,0.00,11.76,20.19,20.19,15.49
c,6.86,11.76,0.00,16.67,16.67,11.76
d,15.49,20.19,16.67,0.00,13.42,9.09
e,15.49,20.19,16.67,13.42,0.00,9.42
f,10.80,15.49,11.76,9.09,9.42,0.00
