,a,b,c,d,e,f
a,0.00,27.42,26.09,30.43,36.65,41.18
b,27.42,0.00,16.32,12.13,21.74,26.09
c,26.09,16.32,0.00,7.95,17.39,21.74
d,30.43,12.13,7.95,0.00,13.04,17.39
e,36.65,21.74,17.39,13.04,0.00,8.70
f,41.18,26.09,21.74,17.39,8.70,0.00
