,a,b,c,d,e,f
a,0.00,21.95,32.58,31.25,57.75,50.70
b,21.95,0.00,32.58,25.00,50.70,43.66
c,32.58,32.58,0.00,14.44,34.91,23.08
d,31.25,25.00,14.44,0.00,28.57,18.37
e,57.75,50.70,34.91,28.57,0.00,19.28
f,50.70,43.66,23.08,18.37,19.28,0.00
