,a,b,c,d,e,f
a,0.00,22.48,30.23,23.08,28.21,33.33
b,22.48,0.00,26.36,28.21,33.33,38.46
c,30.23,26.36,0.00,28.21,33.33,38.46
d,23.08,28.21,28.21,0.00,17.95,23.08
e,28.21,33.33,33.33,17.95,0.00,17.95
f,33.33,38.46,38.46,23.08,17.95,0.00
