,a,b,c,d,e,f
a,0.00,7.56,14.98,31.17,27.13,39.27
b,7.56,0.00,7.56,32.77,20.17,32.77
c,14.98,7.56,0.00,35.22,23.08,31.17
d,31.17,32.77,35.22,0.00,14.98,23.08
e,27.13,20.17,23.08,14.98,0.00,14.98
f,39.27,32.77,31.17,23.08,14.98,0.00
