,a,b,c,d,e,f
a,0.00,16.03,17.00,29.65,32.52,37.93
b,16.03,0.00,24.90,34.67,38.65,44.83
c,17.00,24.90,0.00,13.93,19.60,22.65
d,29.65,34.67,13.93,0.00,28.57,37.01
e,32.52,38.65,19.60,28.57,0.00,12.44
f,37.93,44.83,22.65,37.01,12.44,0.00
