,a,b,c,d,e,f
a,0.00,14.73,10.85,22.48,22.48,22.48
b,14.73,0.00,10.26,23.08,23.08,23.08
c,10.85,10.26,0.00,19.87,19.87,19.87
d,22.48,23.08,19.87,0.00,10.26,10.26
e,22.48,23.08,19.87,10.26,0.00,13.46
f,22.48,23.08,19.87,10.26,13.46,0.00
