,a,b,c,d,e,f
a,0.00,0.79,13.04,16.67,27.78,27.78
b,0.79,0.00,13.04,16.67,27.78,27.78
c,13.04,13.04,0.00,22.22,27.78,33.33
d,16.67,16.67,22.22,0.00,15.34,15.34
e,27.78,27.78,27.78,15.34,0.00,15.34
f,27.78,27.78,33.33,15.34,15.34,0.00
