,a,b,c,d,e,f
a,0.00,18.29,21.74,32.99,33.05,41.18
b,18.29,0.00,24.69,45.81,37.24,50.23
c,21.74,24.69,0.00,31.03,29.25,48.45
d,32.99,45.81,31.03,0.00,26.14,24.05
e,33.05,37.24,29.25,26.14,0.00,32.13
f,41.18,50.23,48.45,24.05,32.13,0.00
