,a,b,c,d,e,f
a,0.00,5.30,21.57,29.82,29.49,36.78
b,5.30,0.00,21.57,29.82,29.49,36.78
c,21.57,21.57,0.00,29.82,48.72,42.53
d,29.82,29.82,29.82,0.00,19.05,21.05
e,29.49,29.49,48.72,19.05,0.00,26.94
f,36.78,36.78,42.53,21.05,26.94,0.00
