,a,b,c,d,e,f
a,0.00,18.55,26.07,33.85,33.05,33.85
b,18.55,0.00,15.09,33.96,35.96,33.96
c,26.07,15.09,0.00,20.00,26.07,27.27
d,33.85,33.96,20.00,0.00,10.51,11.26
e,33.05,35.96,26.07,10.51,0.00,14.40
f,33.85,33.96,27.27,11.26,14.40,0.00
