,a,b,c,d,e,f
a,0.00,28.14,35.71,35.71,42.86,42.86
b,28.14,0.00,10.18,6.40,11.33,11.33
c,35.71,10.18,0.00,14.29,21.43,21.43
d,35.71,6.40,14.29,0.00,11.33,11.33
e,42.86,11.33,21.43,11.33,0.00,16.26
f,42.86,11.33,21.43,11.33,16.26,0.00
