,a,b,c,d,e,f
a,0.00,15.38,27.18,36.17,23.53,17.65
b,15.38,0.00,22.33,36.17,23.53,17.65
c,27.18,22.33,0.00,34.21,36.00,28.00
d,36.17,36.17,34.21,0.00,25.47,25.47
e,23.53,23.53,36.00,25.47,0.00,17.65
f,17.65,17.65,28.00,25.47,17.65,0.00
