,a,b,c,d,e,f
a,0.00,14.40,31.82,48.11,57.55,52.83
b,14.40,0.00,48.86,52.83,62.26,57.55
c,31.82,48.86,0.00,31.82,43.18,26.14
d,48.11,52.83,31.82,0.00,27.27,16.36
e,57.55,62.26,43.18,27.27,0.00,12.73
f,52.83,57.55,26.14,16.36,12.73,0.00
