,a,b,c,d,e,f
a,0.00,12.88,24.24,40.93,50.00,34.21
b,12.88,0.00,25.57,36.17,39.39,30.89
c,24.24,25.57,0.00,36.17,45.45,39.02
d,40.93,36.17,36.17,0.00,27.27,26.83
e,50.00,39.39,45.45,27.27,0.00,27.54
f,34.21,30.89,39.02,26.83,27.54,0.00
