,a,b,c,d,e,f
a,0.00,3.85,16.28,25.58,20.93,22.33
b,3.85,0.00,16.28,25.58,20.93,22.33
c,16.28,16.28,0.00,25.58,30.23,22.33
d,25.58,25.58,25.58,0.00,25.58,17.48
e,20.93,20.93,30.23,25.58,0.00,22.75
f,22.33,22.33,22.33,17.48,22.75,0.00
