,a,b,c,d,e,f
a,0.00,27.20,31.03,36.51,56.35,56.35
b,27.20,0.00,23.37,28.57,44.44,48.41
c,31.03,23.37,0.00,24.60,36.51,40.48
d,36.51,28.57,24.60,0.00,40.48,52.38
e,56.35,44.44,36.51,40.48,0.00,52.38
f,56.35,48.41,40.48,52.38,52.38,0.00
