,a,b,c,d,e,f
a,0.00,11.20,3.47,11.20,18.92,7.34
b,11.20,0.00,11.20,15.06,26.64,15.06
c,3.47,11.20,0.00,11.20,18.92,7.34
d,11.20,15.06,11.20,0.00,18.92,7.34
e,18.92,26.64,18.92,18.92,0.00,15.06
f,7.34,15.06,7.34,7.34,15.06,0.00
