,a,b,c,d,e,f
a,0.00,9.09,20.95,24.62,34.67,39.23
b,9.09,0.00,27.48,29.65,39.70,39.23
c,20.95,27.48,0.00,29.65,34.67,44.75
d,24.62,29.65,29.65,0.00,13.46,21.05
e,34.67,39.70,34.67,13.46,0.00,21.05
f,39.23,39.23,44.75,21.05,21.05,0.00
