,a,b,c,d,e,f
a,0.00,27.93,23.42,35.06,22.08,43.59
b,27.93,0.00,25.09,29.82,19.30,45.95
c,23.42,25.09,0.00,22.12,9.66,34.11
d,35.06,29.82,22.12,0.00,17.40,34.78
e,22.08,19.30,9.66,17.40,0.00,27.54
f,43.59,45.95,34.11,34.78,27.54,0.00
