,a,b,c,d,e,f
a,0.00,15.13,33.58,29.89,33.58,37.27
b,15.13,0.00,27.98,22.68,25.26,25.26
c,33.58,27.98,0.00,18.92,24.32,24.32
d,29.89,22.68,18.92,0.00,14.36,14.36
e,33.58,25.26,24.32,14.36,0.00,4.98
f,37.27,25.26,24.32,14.36,4.98,0.00
