,a,b,c,d,e,f
a,0.00,13.04,12.44,12.79,21.66,21.66
b,13.04,0.00,26.27,30.23,35.48,35.48
c,12.44,26.27,0.00,6.98,11.50,11.50
d,12.79,30.23,6.98,0.00,12.79,12.79
e,21.66,35.48,11.50,12.79,0.00,2.65
f,21.66,35.48,11.50,12.79,2.65,0.00
