,a,b,c,d,e,f
a,0.00,7.75,30.88,36.17,40.09,46.90
b,7.75,0.00,34.43,35.11,40.09,44.68
c,30.88,34.43,0.00,27.48,35.48,49.31
d,36.17,35.11,27.48,0.00,18.82,26.20
e,40.09,40.09,35.48,18.82,0.00,21.82
f,46.90,44.68,49.31,26.20,21.82,0.00
