,a,b,c,d,e,f
a,0.00,7.41,29.29,8.05,23.37,7.41
b,7.41,0.00,29.29,8.05,23.37,7.41
c,29.29,29.29,0.00,29.29,37.78,35.90
d,8.05,8.05,29.29,0.00,19.54,7.41
e,23.37,23.37,37.78,19.54,0.00,22.56
f,7.41,7.41,35.90,7.41,22.56,0.00
