,a,b,c,d,e,f
a,0.00,7.83,24.78,38.05,42.48,55.75
b,7.83,0.00,21.66,40.09,44.70,58.53
c,24.78,21.66,0.00,33.63,38.05,51.33
d,38.05,40.09,33.63,0.00,14.29,21.43
e,42.48,44.70,38.05,14.29,0.00,16.96
f,55.75,58.53,51.33,21.43,16.96,0.00
