,a,b,c,d,e,f
a,0.00,31.56,27.76,42.97,37.01,39.16
b,31.56,0.00,35.94,46.77,40.94,42.97
c,27.76,35.94,0.00,16.42,11.76,13.43
d,42.97,46.77,16.42,0.00,16.39,11.60
e,37.01,40.94,11.76,16.39,0.00,13.04
f,39.16,42.97,13.43,11.60,13.04,0.00
