,a,b,c,d,e,f
a,0.00,21.88,21.88,10.16,17.97,17.97
b,21.88,0.00,25.78,21.88,21.88,21.88
c,21.88,25.78,0.00,17.97,17.97,17.97
d,10.16,21.88,17.97,0.00,10.16,10.16
e,17.97,21.88,17.97,10.16,0.00,10.16
f,17.97,21.88,17.97,10.16,10.16,0.00
