,a,b,c,d,e,f
a,0.00,16.17,13.51,29.73,35.14,35.14
b,16.17,0.00,14.29,21.43,28.57,28.57
c,13.51,14.29,0.00,24.32,29.73,29.73
d,29.73,21.43,24.32,0.00,18.92,13.51
e,35.14,28.57,29.73,18.92,0.00,13.51
f,35.14,28.57,29.73,13.51,13.51,0.00
