,a,b,c,d,e,f
a,0.00,14.38,23.78,33.55,58.55,59.09
b,14.38,0.00,19.71,31.17,49.64,57.83
c,23.78,19.71,0.00,16.94,37.82,40.91
d,33.55,31.17,16.94,0.00,35.64,34.50
e,58.55,49.64,37.82,35.64,0.00,37.14
f,59.09,57.83,40.91,34.50,37.14,0.00
