,a,b,c,d,e,f
a,0.00,24.00,36.00,36.00,35.83,41.46
b,24.00,0.00,16.00,16.00,35.83,31.71
c,36.00,16.00,0.00,4.00,30.48,21.95
d,36.00,16.00,4.00,0.00,30.48,21.95
e,35.83,35.83,30.48,30.48,0.00,28.99
f,41.46,31.71,21.95,21.95,28.99,0.00
