,a,b,c,d,e,f
a,0.00,35.25,35.25,31.65,35.25,42.45
b,35.25,0.00,18.99,21.52,21.52,29.62
c,35.25,18.99,0.00,14.69,14.69,21.20
d,31.65,21.52,14.69,0.00,14.69,18.48
e,35.25,21.52,14.69,14.69,0.00,15.76
f,42.45,29.62,21.20,18.48,15.76,0.00
