,a,b,c,d,e,f
a,0.00,11.26,11.26,34.55,28.57,21.50
b,11.26,0.00,4.44,27.27,21.05,14.68
c,11.26,4.44,0.00,27.27,21.05,14.68
d,34.55,27.27,27.27,0.00,27.42,23.64
e,28.57,21.05,21.05,27.42,0.00,9.77
f,21.50,14.68,14.68,23.64,9.77,0.00
