,a,b,c,d,e,f
a,0.00,18.60,30.74,39.39,39.39,43.72
b,18.60,0.00,43.72,43.72,48.05,48.05
c,30.74,43.72,0.00,26.36,26.36,34.11
d,39.39,43.72,26.36,0.00,14.73,10.85
e,39.39,48.05,26.36,14.73,0.00,22.48
f,43.72,48.05,34.11,10.85,22.48,0.00
