,a,b,c,d,e,f
a,0.00,23.69,23.91,30.74,26.41,35.06
b,23.69,0.00,14.73,26.41,22.08,30.74
c,23.91,14.73,0.00,20.83,16.67,25.00
d,30.74,26.41,20.83,0.00,16.67,25.00
e,26.41,22.08,16.67,16.67,0.00,20.83
f,35.06,30.74,25.00,25.00,20.83,0.00
