,a,b,c,d,e,f
a,0.00,26.38,26.47,33.82,42.97,39.16
b,26.38,0.00,22.79,41.18,46.77,39.16
c,26.47,22.79,0.00,42.86,53.39,44.92
d,33.82,41.18,42.86,0.00,27.76,20.15
e,42.97,46.77,53.39,27.76,0.00,16.35
f,39.16,39.16,44.92,20.15,16.35,0.00
