,a,b,c,d,e,f
a,0.00,22.71,16.67,18.80,18.80,14.53
b,22.71,0.00,10.26,15.56,15.56,24.44
c,16.67,10.26,0.00,10.26,10.26,18.80
d,18.80,15.56,10.26,0.00,8.05,19.54
e,18.80,15.56,10.26,8.05,0.00,19.54
f,14.53,24.44,18.80,19.54,19.54,0.00
