,a,b,c,d,e,f
a,0.00,32.58,32.58,39.39,41.18,41.18
b,32.58,0.00,3.80,35.37,29.82,29.82
c,32.58,3.80,0.00,35.37,29.82,29.82
d,39.39,35.37,35.37,0.00,30.74,22.08
e,41.18,29.82,29.82,30.74,0.00,19.30
f,41.18,29.82,29.82,22.08,19.30,0.00
