,a,b,c,d,e,f
a,0.00,16.67,23.08,33.33,36.27,36.27
b,16.67,0.00,19.68,19.68,32.58,28.84
c,23.08,19.68,0.00,27.71,31.73,31.73
d,33.33,19.68,27.71,0.00,47.79,43.78
e,36.27,32.58,31.73,47.79,0.00,28.84
f,36.27,28.84,31.73,43.78,28.84,0.00
