,a,b,c,d,e,f
a,0.00,12.41,30.69,31.17,39.27,35.22
b,12.41,0.00,20.79,23.08,31.17,27.13
c,30.69,20.79,0.00,15.84,25.74,20.79
d,31.17,23.08,15.84,0.00,10.93,25.76
e,39.27,31.17,25.74,10.93,0.00,34.50
f,35.22,27.13,20.79,25.76,34.50,0.00
