,a,b,c,d,e,f
a,0.00,45.65,34.78,31.43,33.65,32.64
b,45.65,0.00,19.43,30.69,28.91,30.69
c,34.78,19.43,0.00,20.79,19.43,20.79
d,31.43,30.69,20.79,0.00,13.21,13.21
e,33.65,28.91,19.43,13.21,0.00,10.30
f,32.64,30.69,20.79,13.21,10.30,0.00
