,a,b,c,d,e,f
a,0.00,16.03,13.04,38.52,34.43,34.43
b,16.03,0.00,20.95,46.72,42.62,38.52
c,13.04,20.95,0.00,31.91,27.66,31.91
d,38.52,46.72,31.91,0.00,9.84,22.13
e,34.43,42.62,27.66,9.84,0.00,18.03
f,34.43,38.52,31.91,22.13,18.03,0.00
