,a,b,c,d,e,f
a,0.00,18.78,18.78,23.86,24.30,20.32
b,18.78,0.00,23.86,28.93,39.09,39.09
c,18.78,23.86,0.00,7.77,39.09,28.93
d,23.86,28.93,7.77,0.00,44.16,34.01
e,24.30,39.09,39.09,44.16,0.00,24.30
f,20.32,39.09,28.93,34.01,24.30,0.00
