,a,b,c,d,e,f
a,0.00,19.85,38.93,38.93,54.20,42.75
b,19.85,0.00,38.93,38.93,54.20,35.11
c,38.93,38.93,0.00,16.03,31.30,27.48
d,38.93,38.93,16.03,0.00,23.66,19.85
e,54.20,54.20,31.30,23.66,0.00,31.30
f,42.75,35.11,27.48,19.85,31.30,0.00
