,a,b,c,d,e,f
a,0.00,27.93,36.27,43.26,57.45,43.50
b,27.93,0.00,18.92,24.53,49.69,28.21
c,36.27,18.92,0.00,16.67,46.08,25.00
d,43.26,24.53,16.67,0.00,31.73,26.41
e,57.45,49.69,46.08,31.73,0.00,39.39
f,43.50,28.21,25.00,26.41,39.39,0.00
