,a,b,c,d,e,f
a,0.00,20.00,12.00,17.01,32.58,28.25
b,20.00,0.00,24.00,21.16,43.82,41.70
c,12.00,24.00,0.00,4.56,26.97,14.80
d,17.01,21.16,4.56,0.00,26.97,19.28
e,32.58,43.82,26.97,26.97,0.00,26.97
f,28.25,41.70,14.80,19.28,26.97,0.00
