,a,b,c,d,e,f
a,0.00,20.73,19.35,59.51,49.58,60.70
b,20.73,0.00,16.13,59.51,53.78,60.70
c,19.35,16.13,0.00,55.47,53.78,56.33
d,59.51,59.51,55.47,0.00,27.90,35.48
e,49.58,53.78,53.78,27.90,0.00,21.97
f,60.70,60.70,56.33,35.48,21.97,0.00
