,a,b,c,d,e,f
a,0.00,15.71,14.53,13.58,21.81,21.81
b,15.71,0.00,27.35,25.93,25.93,30.04
c,14.53,27.35,0.00,5.98,14.53,14.53
d,13.58,25.93,5.98,0.00,13.58,13.58
e,21.81,25.93,14.53,13.58,0.00,14.81
f,21.81,30.04,14.53,13.58,14.81,0.00
