,a,b,c,d,e,f
a,0.00,10.77,28.85,27.48,27.48,31.30
b,10.77,0.00,27.48,26.20,33.58,37.27
c,28.85,27.48,0.00,16.03,42.75,46.56
d,27.48,26.20,16.03,0.00,40.96,44.65
e,27.48,33.58,42.75,40.96,0.00,27.34
f,31.30,37.27,46.56,44.65,27.34,0.00
