,a,b,c,d,e,f
a,0.00,2.72,39.60,18.55,18.55,14.03
b,2.72,0.00,39.60,18.55,18.55,14.03
c,39.60,39.60,0.00,26.11,21.18,32.89
d,18.55,18.55,26.11,0.00,15.49,18.55
e,18.55,18.55,21.18,15.49,0.00,18.55
f,14.03,14.03,32.89,18.55,18.55,0.00
