,a,b,c,d,e,f
a,0.00,9.95,14.69,34.78,37.82,27.46
b,9.95,0.00,18.18,27.46,30.69,20.79
c,14.69,18.18,0.00,43.01,38.86,25.76
d,34.78,27.46,43.01,0.00,34.78,18.48
e,37.82,30.69,38.86,34.78,0.00,20.17
f,27.46,20.79,25.76,18.48,20.17,0.00
