,a,b,c,d,e,f
a,0.00,21.88,36.36,24.37,24.37,28.57
b,21.88,0.00,27.13,16.98,16.98,20.75
c,36.36,27.13,0.00,31.17,23.08,27.13
d,24.37,16.98,31.17,0.00,13.21,16.98
e,24.37,16.98,23.08,13.21,0.00,9.43
f,28.57,20.75,27.13,16.98,9.43,0.00
