,a,b,c,d,e,f
a,0.00,25.82,25.82,22.85,36.42,15.19
b,25.82,0.00,3.37,12.84,23.60,27.01
c,25.82,3.37,0.00,12.84,23.60,27.01
d,22.85,12.84,12.84,0.00,23.08,27.01
e,36.42,23.60,23.60,23.08,0.00,36.40
f,15.19,27.01,27.01,27.01,36.40,0.00
