,a,b,c,d,e,f
a,0.00,3.77,36.65,32.13,32.13,32.13
b,3.77,0.00,36.65,32.13,32.13,32.13
c,36.65,36.65,0.00,4.44,7.95,16.32
d,32.13,32.13,4.44,0.00,3.77,12.13
e,32.13,32.13,7.95,3.77,0.00,12.13
f,32.13,32.13,16.32,12.13,12.13,0.00
