,a,b,c,d,e,f
a,0.00,0.38,9.47,17.70,9.47,13.58
b,0.38,0.00,9.47,17.70,9.47,13.58
c,9.47,9.47,0.00,8.73,0.79,4.76
d,17.70,17.70,8.73,0.00,8.73,12.70
e,9.47,9.47,0.79,8.73,0.00,4.76
f,13.58,13.58,4.76,12.70,4.76,0.00
