,a,b,c,d,e,f
a,0.00,16.28,32.96,32.96,24.11,19.64
b,16.28,0.00,37.89,37.89,27.18,27.18
c,32.96,37.89,0.00,3.55,8.63,18.78
d,32.96,37.89,3.55,0.00,8.63,18.78
e,24.11,27.18,8.63,8.63,0.00,17.36
f,19.64,27.18,18.78,18.78,17.36,0.00
