,a,b,c,d,e,f
a,0.00,33.75,21.14,29.52,30.61,31.56
b,33.75,0.00,21.14,33.92,42.86,35.36
c,21.14,21.14,0.00,29.52,34.69,35.36
d,29.52,33.92,29.52,0.00,25.11,33.92
e,30.61,42.86,34.69,25.11,0.00,26.53
f,31.56,35.36,35.36,33.92,26.53,0.00
