,a,b,c,d,e,f
a,0.00,3.65,23.59,24.37,35.22,43.32
b,3.65,0.00,25.81,27.13,33.59,41.41
c,23.59,25.81,0.00,14.98,25.78,33.59
d,24.37,27.13,14.98,0.00,37.82,43.01
e,35.22,33.59,25.78,37.82,0.00,10.16
f,43.32,41.41,33.59,43.01,10.16,0.00
