,a,b,c,d,e,f
a,0.00,9.72,37.20,29.63,33.33,36.51
b,9.72,0.00,37.20,25.93,29.63,31.22
c,37.20,37.20,0.00,22.71,32.37,29.82
d,29.63,25.93,22.71,0.00,18.52,20.63
e,33.33,29.63,32.37,18.52,0.00,31.22
f,36.51,31.22,29.82,20.63,31.22,0.00
