,a,b,c,d,e,f
a,0.00,16.67,25.49,39.02,43.09,28.96
b,16.67,0.00,21.57,34.96,39.02,23.50
c,25.49,21.57,0.00,29.08,32.62,17.81
d,39.02,34.96,29.08,0.00,12.62,32.29
e,43.09,39.02,32.62,12.62,0.00,37.50
f,28.96,23.50,17.81,32.29,37.50,0.00
