,a,b,c,d,e,f
a,0.00,12.70,8.73,20.63,20.63,28.57
b,12.70,0.00,4.76,16.67,16.67,24.60
c,8.73,4.76,0.00,16.67,16.67,24.60
d,20.63,16.67,16.67,0.00,0.79,16.67
e,20.63,16.67,16.67,0.79,0.00,16.67
f,28.57,24.60,24.60,16.67,16.67,0.00
