,a,b,c,d,e,f
a,0.00,10.99,31.94,35.48,28.57,28.57
b,10.99,0.00,31.94,35.48,28.57,28.57
c,31.94,31.94,0.00,41.94,34.07,34.07
d,35.48,35.48,41.94,0.00,9.09,9.09
e,28.57,28.57,34.07,9.09,0.00,10.20
f,28.57,28.57,34.07,9.09,10.20,0.00
