,a,b,c,d,e,f
a,0.00,19.23,13.71,16.33,32.27,20.32
b,19.23,0.00,28.93,32.27,44.22,36.25
c,13.71,28.93,0.00,25.53,46.81,30.85
d,16.33,32.27,25.53,0.00,20.32,8.37
e,32.27,44.22,46.81,20.32,0.00,24.30
f,20.32,36.25,30.85,8.37,24.30,0.00
