,a,b,c,d,e,f
a,0.00,20.79,14.06,14.06,10.16,11.76
b,20.79,0.00,4.55,10.89,20.79,18.48
c,14.06,4.55,0.00,6.25,14.06,11.76
d,14.06,10.89,6.25,0.00,10.16,11.76
e,10.16,20.79,14.06,10.16,0.00,11.76
f,11.76,18.48,11.76,11.76,11.76,0.00
