,a,b,c,d,e,f
a,0.00,33.33,38.10,22.37,25.49,25.49
b,33.33,0.00,19.05,19.54,19.05,14.29
c,38.10,19.05,0.00,25.29,23.81,19.05
d,22.37,19.54,25.29,0.00,22.37,17.81
e,25.49,19.05,23.81,22.37,0.00,5.88
f,25.49,14.29,19.05,17.81,5.88,0.00
