,a,b,c,d,e,f
a,0.00,22.18,31.03,18.29,18.29,14.40
b,22.18,0.00,31.03,14.40,14.40,22.18
c,31.03,31.03,0.00,21.18,21.18,35.96
d,18.29,14.40,21.18,0.00,2.72,18.29
e,18.29,14.40,21.18,2.72,0.00,18.29
f,14.40,22.18,35.96,18.29,18.29,0.00
