,a,b,c,d,e,f
a,0.00,10.45,17.91,25.37,29.10,25.37
b,10.45,0.00,21.64,29.10,32.84,29.10
c,17.91,21.64,0.00,32.84,40.30,32.84
d,25.37,29.10,32.84,0.00,32.84,29.10
e,29.10,32.84,40.30,32.84,0.00,25.47
f,25.37,29.10,32.84,29.10,25.47,0.00
