,a,b,c,d,e,f
a,0.00,32.96,21.79,30.85,14.89,12.62
b,32.96,0.00,40.79,68.94,50.31,44.13
c,21.79,40.79,0.00,22.75,5.58,10.71
d,30.85,68.94,22.75,0.00,17.36,22.75
e,14.89,50.31,5.58,17.36,0.00,5.58
f,12.62,44.13,10.71,22.75,5.58,0.00
