,a,b,c,d,e,f
a,0.00,34.62,19.23,25.65,27.04,29.37
b,34.62,0.00,16.43,42.31,41.96,34.62
c,19.23,16.43,0.00,26.92,24.11,26.92
d,25.65,42.31,26.92,0.00,27.04,29.37
e,27.04,41.96,24.11,27.04,0.00,27.04
f,29.37,34.62,26.92,29.37,27.04,0.00
