,a,b,c,d,e,f
a,0.00,27.04,44.13,48.84,53.49,37.89
b,27.04,0.00,44.13,53.49,48.84,44.10
c,44.13,44.13,0.00,27.18,46.60,44.00
d,48.84,53.49,27.18,0.00,24.70,38.55
e,53.49,48.84,46.60,24.70,0.00,44.13
f,37.89,44.10,44.00,38.55,44.13,0.00
