,a,b,c,d,e,f
a,0.00,28.32,67.59,56.35,59.26,56.99
b,28.32,0.00,53.70,44.44,40.74,39.07
c,67.59,53.70,0.00,15.03,32.37,39.81
d,56.35,44.44,15.03,0.00,34.16,32.54
e,59.26,40.74,32.37,34.16,0.00,29.63
f,56.99,39.07,39.81,32.54,29.63,0.00
