,a,b,c,d,e,f
a,0.00,20.96,20.96,41.18,47.15,39.02
b,20.96,0.00,15.86,41.39,43.18,39.02
c,20.96,15.86,0.00,41.39,35.61,34.96
d,41.18,41.39,41.39,0.00,16.67,14.89
e,47.15,43.18,35.61,16.67,0.00,15.75
f,39.02,39.02,34.96,14.89,15.75,0.00
