,a,b,c,d,e,f
a,0.00,11.76,17.43,22.79,11.89,9.45
b,11.76,0.00,6.78,19.12,25.11,21.26
c,17.43,6.78,0.00,22.02,34.07,25.00
d,22.79,19.12,22.02,0.00,25.11,33.07
e,11.89,25.11,34.07,25.11,0.00,18.66
f,9.45,21.26,25.00,33.07,18.66,0.00
