,a,b,c,d,e,f
a,0.00,18.18,29.69,41.41,33.59,45.31
b,18.18,0.00,32.64,48.19,37.82,53.37
c,29.69,32.64,0.00,22.26,32.77,36.97
d,41.41,48.19,22.26,0.00,45.38,45.38
e,33.59,37.82,32.77,45.38,0.00,23.59
f,45.31,53.37,36.97,45.38,23.59,0.00
