,a,b,c,d,e,f
a,0.00,17.24,17.24,17.32,17.32,21.26
b,17.24,0.00,6.90,25.20,25.20,33.07
c,17.24,6.90,0.00,21.26,21.26,29.13
d,17.32,25.20,21.26,0.00,9.45,17.32
e,17.32,25.20,21.26,9.45,0.00,25.20
f,21.26,33.07,29.13,17.32,25.20,0.00
