,a,b,c,d,e,f
a,0.00,25.49,17.65,34.43,25.49,25.49
b,25.49,0.00,17.65,28.96,17.65,25.49
c,17.65,17.65,0.00,28.96,9.80,9.80
d,34.43,28.96,28.96,0.00,18.03,23.50
e,25.49,17.65,9.80,18.03,0.00,9.80
f,25.49,25.49,9.80,23.50,9.80,0.00
