,a,b,c,d,e,f
a,0.00,42.39,32.54,32.54,28.57,12.70
b,42.39,0.00,17.70,21.81,38.27,42.39
c,32.54,17.70,0.00,4.76,24.60,32.54
d,32.54,21.81,4.76,0.00,28.57,28.57
e,28.57,38.27,24.60,28.57,0.00,36.51
f,12.70,42.39,32.54,28.57,36.51,0.00
