,a,b,c,d,e,f
a,0.00,6.25,10.16,25.78,31.17,17.97
b,6.25,0.00,14.06,29.69,35.22,21.88
c,10.16,14.06,0.00,17.97,23.08,17.97
d,25.78,29.69,17.97,0.00,23.59,16.13
e,31.17,35.22,23.08,23.59,0.00,26.91
f,17.97,21.88,17.97,16.13,26.91,0.00
