,a,b,c,d,e,f
a,0.00,32.89,31.82,37.50,31.82,26.14
b,32.89,0.00,21.05,20.45,14.77,26.14
c,31.82,21.05,0.00,26.11,21.18,31.03
d,37.50,20.45,26.11,0.00,16.26,31.03
e,31.82,14.77,21.18,16.26,0.00,26.11
f,26.14,26.14,31.03,31.03,26.11,0.00
