,a,b,c,d,e,f
a,0.00,11.21,1.87,15.89,18.75,6.54
b,11.21,0.00,8.00,20.00,23.47,12.00
c,1.87,8.00,0.00,12.00,13.27,4.00
d,15.89,20.00,12.00,0.00,3.06,16.00
e,18.75,23.47,13.27,3.06,0.00,13.27
f,6.54,12.00,4.00,16.00,13.27,0.00
