,a,b,c,d,e,f
a,0.00,6.38,2.13,2.13,19.15,14.89
b,6.38,0.00,5.14,5.14,20.95,17.00
c,2.13,5.14,0.00,1.19,17.00,13.04
d,2.13,5.14,1.19,0.00,17.00,13.04
e,19.15,20.95,17.00,17.00,0.00,28.85
f,14.89,17.00,13.04,13.04,28.85,0.00
