,a,b,c,d,e,f
a,0.00,14.29,25.00,18.82,22.13,18.82
b,14.29,0.00,17.86,17.00,20.35,18.82
c,25.00,17.86,0.00,24.90,29.20,22.51
d,18.82,17.00,24.90,0.00,18.03,26.23
e,22.13,20.35,29.20,18.03,0.00,29.20
f,18.82,18.82,22.51,26.23,29.20,0.00
