,a,b,c,d,e,f
a,0.00,7.53,45.95,52.70,52.70,30.69
b,7.53,0.00,52.70,59.46,59.46,29.35
c,45.95,52.70,0.00,18.92,18.92,39.19
d,52.70,59.46,18.92,0.00,12.16,45.95
e,52.70,59.46,18.92,12.16,0.00,45.95
f,30.69,29.35,39.19,45.95,45.95,0.00
