,a,b,c,d,e,f
a,0.00,29.91,57.22,49.44,46.52,62.57
b,29.91,0.00,50.21,38.78,48.60,67.29
c,57.22,50.21,0.00,28.57,48.60,48.60
d,49.44,38.78,28.57,0.00,43.88,48.98
e,46.52,48.60,48.60,43.88,0.00,34.58
f,62.57,67.29,48.60,48.98,34.58,0.00
