,a,b,c,d,e,f
a,0.00,15.97,14.69,25.74,23.91,10.93
b,15.97,0.00,15.84,17.10,25.71,25.76
c,14.69,15.84,0.00,19.43,17.10,20.79
d,25.74,17.10,19.43,0.00,22.28,32.64
e,23.91,25.71,17.10,22.28,0.00,31.43
f,10.93,25.76,20.79,32.64,31.43,0.00
