,a,b,c,d,e,f
a,0.00,16.67,22.76,18.70,28.27,17.65
b,16.67,0.00,12.28,3.51,23.81,16.67
c,22.76,12.28,0.00,10.57,29.82,22.76
d,18.70,3.51,10.57,0.00,25.44,18.70
e,28.27,23.81,29.82,25.44,0.00,11.39
f,17.65,16.67,22.76,18.70,11.39,0.00
