,a,b,c,d,e,f
a,0.00,29.41,23.53,40.79,53.95,27.63
b,29.41,0.00,24.59,33.88,42.15,35.62
c,23.53,24.59,0.00,39.91,44.21,33.04
d,40.79,33.88,39.91,0.00,17.36,25.58
e,53.95,42.15,44.21,17.36,0.00,34.88
f,27.63,35.62,33.04,25.58,34.88,0.00
