,a,b,c,d,e,f
a,0.00,5.14,21.26,15.25,13.39,17.24
b,5.14,0.00,21.26,15.25,13.39,17.24
c,21.26,21.26,0.00,29.13,26.47,19.12
d,15.25,15.25,29.13,0.00,13.39,21.26
e,13.39,13.39,26.47,13.39,0.00,19.12
f,17.24,17.24,19.12,21.26,19.12,0.00
