,a,b,c,d,e,f
a,0.00,26.20,18.82,26.20,18.82,32.81
b,26.20,0.00,15.13,22.51,18.82,32.81
c,18.82,15.13,0.00,15.13,11.44,24.90
d,26.20,22.51,15.13,0.00,18.82,32.81
e,18.82,18.82,11.44,18.82,0.00,20.95
f,32.81,32.81,24.90,32.81,20.95,0.00
