,a,b,c,d,e,f
a,0.00,8.71,32.74,32.74,31.03,35.34
b,8.71,0.00,39.25,39.25,37.22,41.70
c,32.74,39.25,0.00,1.35,26.83,31.71
d,32.74,39.25,1.35,0.00,26.83,31.71
e,31.03,37.22,26.83,26.83,0.00,5.17
f,35.34,41.70,31.71,31.71,5.17,0.00
