,a,b,c,d,e,f
a,0.00,25.37,18.70,39.02,34.96,30.89
b,25.37,0.00,26.94,45.21,40.64,40.64
c,18.70,26.94,0.00,28.03,20.45,20.45
d,39.02,45.21,28.03,0.00,13.98,26.61
e,34.96,40.64,20.45,13.98,0.00,17.43
f,30.89,40.64,20.45,26.61,17.43,0.00
