,a,b,c,d,e,f
a,0.00,8.63,16.33,16.33,30.85,38.55
b,8.63,0.00,18.78,18.78,35.29,44.10
c,16.33,18.78,0.00,20.32,36.17,44.13
d,16.33,18.78,20.32,0.00,20.21,32.96
e,30.85,35.29,36.17,20.21,0.00,29.41
f,38.55,44.10,44.13,32.96,29.41,0.00
