,a,b,c,d,e,f
a,0.00,57.63,31.58,41.86,41.86,58.62
b,57.63,0.00,24.42,19.12,19.12,32.20
c,31.58,24.42,0.00,29.65,24.62,36.05
d,41.86,19.12,29.65,0.00,10.64,23.08
e,41.86,19.12,24.62,10.64,0.00,18.27
f,58.62,32.20,36.05,23.08,18.27,0.00
