,a,b,c,d,e,f
a,0.00,33.10,39.13,36.62,43.66,26.06
b,33.10,0.00,24.91,36.62,47.18,19.01
c,39.13,24.91,0.00,52.17,60.87,34.78
d,36.62,36.62,52.17,0.00,26.05,29.58
e,43.66,47.18,60.87,26.05,0.00,40.14
f,26.06,19.01,34.78,29.58,40.14,0.00
