,a,b,c,d,e,f
a,0.00,7.14,28.57,12.44,19.85,27.66
b,7.14,0.00,28.57,12.44,19.85,27.66
c,28.57,28.57,0.00,26.27,27.48,36.17
d,12.44,12.44,26.27,0.00,18.03,31.58
e,19.85,19.85,27.48,18.03,0.00,31.91
f,27.66,27.66,36.17,31.58,31.91,0.00
