,a,b,c,d,e,f
a,0.00,12.70,50.62,46.50,42.03,40.48
b,12.70,0.00,46.50,42.39,37.20,36.51
c,50.62,46.50,0.00,8.73,24.24,25.93
d,46.50,42.39,8.73,0.00,19.19,21.81
e,42.03,37.20,24.24,19.19,0.00,17.87
f,40.48,36.51,25.93,21.81,17.87,0.00
