,a,b,c,d,e,f
a,0.00,17.27,24.46,46.43,51.67,36.80
b,17.27,0.00,32.27,54.31,54.55,46.28
c,24.46,32.27,0.00,28.57,36.80,21.49
d,46.43,54.31,28.57,0.00,31.65,39.09
e,51.67,54.55,36.80,31.65,0.00,39.91
f,36.80,46.28,21.49,39.09,39.91,0.00
