,a,b,c,d,e,f
a,0.00,13.24,33.33,28.96,27.08,35.90
b,13.24,0.00,25.37,20.40,16.67,32.29
c,33.33,25.37,0.00,31.03,25.37,27.27
d,28.96,20.40,31.03,0.00,20.40,33.33
e,27.08,16.67,25.37,20.40,0.00,32.29
f,35.90,32.29,27.27,33.33,32.29,0.00
