,a,b,c,d,e,f
a,0.00,9.09,17.36,29.75,17.36,21.79
b,9.09,0.00,13.22,25.62,13.22,27.37
c,17.36,13.22,0.00,18.22,13.22,38.55
d,29.75,25.62,18.22,0.00,25.62,49.72
e,17.36,13.22,13.22,25.62,0.00,32.96
f,21.79,27.37,38.55,49.72,32.96,0.00
