,a,b,c,d,e,f
a,0.00,19.54,27.20,40.17,38.70,23.37
b,19.54,0.00,11.88,35.90,42.53,23.37
c,27.20,11.88,0.00,31.62,38.70,27.20
d,40.17,35.90,31.62,0.00,27.35,27.35
e,38.70,42.53,38.70,27.35,0.00,23.37
f,23.37,23.37,27.20,27.35,23.37,0.00
