,a,b,c,d,e,f
a,0.00,10.31,21.95,11.21,20.00,12.00
b,10.31,0.00,12.20,1.87,28.25,10.31
c,21.95,12.20,0.00,12.20,31.71,21.95
d,11.21,1.87,12.20,0.00,29.91,11.21
e,20.00,28.25,31.71,29.91,0.00,16.00
f,12.00,10.31,21.95,11.21,16.00,0.00
