,a,b,c,d,e,f
a,0.00,11.76,15.44,22.79,23.95,30.15
b,11.76,0.00,11.76,19.12,20.15,26.47
c,15.44,11.76,0.00,22.79,23.95,22.79
d,22.79,19.12,22.79,0.00,5.36,30.15
e,23.95,20.15,23.95,5.36,0.00,31.56
f,30.15,26.47,22.79,30.15,31.56,0.00
