,a,b,c,d,e,f
a,0.00,23.95,27.76,36.44,44.92,30.61
b,23.95,0.00,12.55,40.68,49.15,38.78
c,27.76,12.55,0.00,44.92,53.39,42.86
d,36.44,40.68,44.92,0.00,7.98,27.97
e,44.92,49.15,53.39,7.98,0.00,27.97
f,30.61,38.78,42.86,27.97,27.97,0.00
