,a,b,c,d,e,f
a,0.00,5.30,10.57,15.42,20.40,15.42
b,5.30,0.00,10.57,15.42,20.40,15.42
c,10.57,10.57,0.00,20.40,25.37,20.40
d,15.42,15.42,20.40,0.00,25.37,20.40
e,20.40,20.40,25.37,25.37,0.00,25.37
f,15.42,15.42,20.40,20.40,25.37,0.00
