,a,b,c,d,e,f
a,0.00,1.23,17.70,25.93,25.93,30.04
b,1.23,0.00,16.67,24.60,24.60,28.57
c,17.70,16.67,0.00,20.63,20.63,24.60
d,25.93,24.60,20.63,0.00,4.76,12.70
e,25.93,24.60,20.63,4.76,0.00,16.67
f,30.04,28.57,24.60,12.70,16.67,0.00
