,a,b,c,d,e,f
a,0.00,33.33,47.92,37.50,38.10,31.03
b,33.33,0.00,32.49,24.05,37.25,26.94
c,47.92,32.49,0.00,11.39,40.93,25.37
d,37.50,24.05,11.39,0.00,32.49,15.42
e,38.10,37.25,40.93,32.49,0.00,22.37
f,31.03,26.94,25.37,15.42,22.37,0.00
