,a,b,c,d,e,f
a,0.00,24.37,32.77,36.97,21.40,32.77
b,24.37,0.00,41.18,45.38,30.13,36.97
c,32.77,41.18,0.00,8.85,19.71,36.97
d,36.97,45.38,8.85,0.00,23.36,41.18
e,21.40,30.13,19.71,23.36,0.00,25.76
f,32.77,36.97,36.97,41.18,25.76,0.00
