,a,b,c,d,e,f
a,0.00,2.72,29.96,26.07,26.11,37.50
b,2.72,0.00,29.96,26.07,26.11,37.50
c,29.96,29.96,0.00,37.74,31.03,37.50
d,26.07,26.07,37.74,0.00,20.50,29.25
e,26.11,26.11,31.03,20.50,0.00,15.09
f,37.50,37.50,37.50,29.25,15.09,0.00
