,a,b,c,d,e,f
a,0.00,24.00,36.00,40.00,39.25,41.18
b,24.00,0.00,14.04,19.77,30.50,31.03
c,36.00,14.04,0.00,12.11,38.22,35.34
d,40.00,19.77,12.11,0.00,38.22,35.34
e,39.25,30.50,38.22,38.22,0.00,31.03
f,41.18,31.03,35.34,35.34,31.03,0.00
