,a,b,c,d,e,f
a,0.00,6.98,6.98,16.28,18.78,18.78
b,6.98,0.00,7.69,11.54,13.22,17.36
c,6.98,7.69,0.00,15.38,17.36,17.36
d,16.28,11.54,15.38,0.00,8.20,14.75
e,18.78,13.22,17.36,8.20,0.00,8.20
f,18.78,17.36,17.36,14.75,8.20,0.00
