,a,b,c,d,e,f
a,0.00,25.11,26.61,25.11,18.66,20.00
b,25.11,0.00,2.04,21.26,33.92,31.19
c,26.61,2.04,0.00,22.45,35.78,33.01
d,25.11,21.26,22.45,0.00,38.33,40.37
e,18.66,33.92,35.78,38.33,0.00,6.78
f,20.00,31.19,33.01,40.37,6.78,0.00
