,a,b,c,d,e,f
a,0.00,17.65,45.10,41.18,41.18,41.18
b,17.65,0.00,37.25,41.18,37.25,33.33
c,45.10,37.25,0.00,29.08,31.82,28.03
d,41.18,41.18,29.08,0.00,31.82,31.82
e,41.18,37.25,31.82,31.82,0.00,16.67
f,41.18,33.33,28.03,31.82,16.67,0.00
