,a,b,c,d,e,f
a,0.00,23.86,18.78,26.92,19.23,20.93
b,23.86,0.00,34.01,44.16,23.86,53.95
c,18.78,34.01,0.00,34.01,34.01,40.79
d,26.92,44.16,34.01,0.00,26.92,39.53
e,19.23,23.86,34.01,26.92,0.00,30.23
f,20.93,53.95,40.79,39.53,30.23,0.00
