,a,b,c,d,e,f
a,0.00,11.54,19.64,20.32,3.85,12.62
b,11.54,0.00,12.16,16.41,11.54,22.33
c,19.64,12.16,0.00,12.16,19.64,29.41
d,20.32,16.41,12.16,0.00,20.32,34.01
e,3.85,11.54,19.64,20.32,0.00,12.62
f,12.62,22.33,29.41,34.01,12.62,0.00
