,a,b,c,d,e,f
a,0.00,29.29,22.71,22.71,22.71,42.03
b,29.29,0.00,14.53,10.26,10.26,28.89
c,22.71,14.53,0.00,4.21,4.21,16.67
d,22.71,10.26,4.21,0.00,0.38,16.67
e,22.71,10.26,4.21,0.38,0.00,16.67
f,42.03,28.89,16.67,16.67,16.67,0.00
