,a,b,c,d,e,f
a,0.00,16.67,13.04,26.74,32.49,24.24
b,16.67,0.00,7.74,21.05,21.88,17.81
c,13.04,7.74,0.00,15.61,20.40,12.28
d,26.74,21.05,15.61,0.00,24.05,16.67
e,32.49,21.88,20.40,24.05,0.00,15.61
f,24.24,17.81,12.28,16.67,15.61,0.00
