,a,b,c,d,e,f
a,0.00,30.33,22.13,26.23,26.23,22.13
b,30.33,0.00,13.93,18.03,18.03,22.13
c,22.13,13.93,0.00,9.84,9.84,13.93
d,26.23,18.03,9.84,0.00,13.93,13.93
e,26.23,18.03,9.84,13.93,0.00,18.03
f,22.13,22.13,13.93,13.93,18.03,0.00
