,a,b,c,d,e,f
a,0.00,12.00,15.89,7.34,29.46,15.06
b,12.00,0.00,17.07,16.00,37.76,24.00
c,15.89,17.07,0.00,20.56,38.78,25.23
d,7.34,16.00,20.56,0.00,29.46,18.92
e,29.46,37.76,38.78,29.46,0.00,15.06
f,15.06,24.00,25.23,18.92,15.06,0.00
