,a,b,c,d,e,f
a,0.00,21.74,24.53,26.09,34.78,10.51
b,21.74,0.00,26.09,31.03,35.96,17.39
c,24.53,26.09,0.00,40.54,45.95,24.53
d,26.09,31.03,40.54,0.00,30.43,17.39
e,34.78,35.96,45.95,30.43,0.00,30.43
f,10.51,17.39,24.53,17.39,30.43,0.00
