,a,b,c,d,e,f
a,0.00,27.71,36.27,46.08,34.11,34.11
b,27.71,0.00,21.57,31.37,27.71,27.71
c,36.27,21.57,0.00,16.67,16.67,16.67
d,46.08,31.37,16.67,0.00,26.47,26.47
e,34.11,27.71,16.67,26.47,0.00,3.10
f,34.11,27.71,16.67,26.47,3.10,0.00
