,a,b,c,d,e,f
a,0.00,13.22,34.88,30.23,36.89,34.88
b,13.22,0.00,30.23,25.58,32.04,30.23
c,34.88,30.23,0.00,23.08,29.75,34.88
d,30.23,25.58,23.08,0.00,13.22,30.23
e,36.89,32.04,29.75,13.22,0.00,36.89
f,34.88,30.23,34.88,30.23,36.89,0.00
