,a,b,c,d,e,f
a,0.00,12.21,44.79,40.09,26.27,40.09
b,12.21,0.00,47.67,42.48,29.20,38.05
c,44.79,47.67,0.00,30.33,13.93,44.70
d,40.09,42.48,30.33,0.00,22.82,52.03
e,26.27,29.20,13.93,22.82,0.00,44.65
f,40.09,38.05,44.70,52.03,44.65,0.00
