,a,b,c,d,e,f
a,0.00,14.50,21.93,36.80,51.67,29.75
b,14.50,0.00,14.50,29.37,44.24,21.49
c,21.93,14.50,0.00,33.09,47.96,29.75
d,36.80,29.37,33.09,0.00,21.93,21.49
e,51.67,44.24,47.96,21.93,0.00,33.88
f,29.75,21.49,29.75,21.49,33.88,0.00
