,a,b,c,d,e,f
a,0.00,31.33,53.24,53.24,56.83,31.65
b,31.33,0.00,52.79,52.79,57.08,35.62
c,53.24,52.79,0.00,13.04,16.46,36.75
d,53.24,52.79,13.04,0.00,18.48,37.70
e,56.83,57.08,16.46,18.48,0.00,39.76
f,31.65,35.62,36.75,37.70,39.76,0.00
