,a,b,c,d,e,f
a,0.00,13.21,20.75,13.21,37.82,20.17
b,13.21,0.00,16.98,13.21,37.82,20.17
c,20.75,16.98,0.00,16.98,43.01,28.57
d,13.21,13.21,16.98,0.00,32.64,15.97
e,37.82,37.82,43.01,32.64,0.00,24.17
f,20.17,20.17,28.57,15.97,24.17,0.00
