,a,b,c,d,e,f
a,0.00,9.95,5.21,19.43,14.69,14.69
b,9.95,0.00,9.09,22.73,18.18,18.18
c,5.21,9.09,0.00,18.18,13.64,13.64
d,19.43,22.73,18.18,0.00,22.73,27.27
e,14.69,18.18,13.64,22.73,0.00,21.88
f,14.69,18.18,13.64,27.27,21.88,0.00
