,a,b,c,d,e,f
a,0.00,28.25,34.58,31.71,40.83,34.91
b,28.25,0.00,34.58,36.59,34.91,34.91
c,34.58,34.58,0.00,8.71,34.91,40.83
d,31.71,36.59,8.71,0.00,37.50,43.75
e,40.83,34.91,34.91,37.50,0.00,35.83
f,34.91,34.91,40.83,43.75,35.83,0.00
