,a,b,c,d,e,f
a,0.00,39.56,45.31,56.20,49.58,45.21
b,39.56,0.00,45.21,41.94,41.61,26.83
c,45.31,45.21,0.00,55.00,56.04,33.92
d,56.20,41.94,55.00,0.00,11.02,21.26
e,49.58,41.61,56.04,11.02,0.00,27.97
f,45.21,26.83,33.92,21.26,27.97,0.00
