,a,b,c,d,e,f
a,0.00,33.88,39.91,39.91,30.77,19.23
b,33.88,0.00,38.02,33.88,21.93,29.75
c,39.91,38.02,0.00,12.89,38.46,31.33
d,39.91,33.88,12.89,0.00,38.46,31.33
e,30.77,21.93,38.46,38.46,0.00,30.77
f,19.23,29.75,31.33,31.33,30.77,0.00
