,a,b,c,d,e,f
a,0.00,14.50,38.02,38.02,46.28,36.80
b,14.50,0.00,29.75,29.75,38.02,29.37
c,38.02,29.75,0.00,4.46,17.20,25.62
d,38.02,29.75,4.46,0.00,17.20,25.62
e,46.28,38.02,17.20,17.20,0.00,29.75
f,36.80,29.37,25.62,25.62,29.75,0.00
