,a,b,c,d,e,f
a,0.00,11.92,25.71,23.57,21.69,15.66
b,11.92,0.00,25.71,29.94,27.71,21.69
c,25.71,25.71,0.00,42.45,45.95,39.19
d,23.57,29.94,42.45,0.00,20.79,10.89
e,21.69,27.71,45.95,20.79,0.00,12.66
f,15.66,21.69,39.19,10.89,12.66,0.00
