,a,b,c,d,e,f
a,0.00,24.66,17.68,32.86,36.40,32.08
b,24.66,0.00,16.91,38.86,43.23,43.13
c,17.68,16.91,0.00,43.40,47.17,35.22
d,32.86,38.86,43.40,0.00,13.62,28.30
e,36.40,43.23,47.17,13.62,0.00,32.08
f,32.08,43.13,35.22,28.30,32.08,0.00
