,a,b,c,d,e,f
a,0.00,12.00,33.61,43.88,48.98,29.46
b,12.00,0.00,31.03,38.78,43.88,26.72
c,33.61,31.03,0.00,17.01,21.16,27.80
d,43.88,38.78,17.01,0.00,24.00,41.91
e,48.98,43.88,21.16,24.00,0.00,37.76
f,29.46,26.72,27.80,41.91,37.76,0.00
