,a,b,c,d,e,f
a,0.00,24.81,32.13,33.85,29.96,31.45
b,24.81,0.00,36.65,37.74,33.85,35.48
c,32.13,36.65,0.00,28.87,28.87,24.69
d,33.85,37.74,28.87,0.00,17.22,11.26
e,29.96,33.85,28.87,17.22,0.00,14.68
f,31.45,35.48,24.69,11.26,14.68,0.00
