,a,b,c,d,e,f
a,0.00,17.49,26.32,17.49,27.54,17.60
b,17.49,0.00,40.35,30.69,42.03,32.58
c,26.32,40.35,0.00,15.30,25.17,19.68
d,17.49,30.69,15.30,0.00,21.21,10.11
e,27.54,42.03,25.17,21.21,0.00,13.86
f,17.60,32.58,19.68,10.11,13.86,0.00
