,a,b,c,d,e,f
a,0.00,5.14,21.66,26.27,19.15,19.15
b,5.14,0.00,20.35,24.78,18.03,18.03
c,21.66,20.35,0.00,17.00,20.35,24.78
d,26.27,24.78,17.00,0.00,24.78,29.20
e,19.15,18.03,20.35,24.78,0.00,13.93
f,19.15,18.03,24.78,29.20,13.93,0.00
