,a,b,c,d,e,f
a,0.00,12.62,41.75,41.75,28.93,27.18
b,12.62,0.00,40.24,48.21,25.62,24.30
c,41.75,40.24,0.00,40.24,25.62,40.24
d,41.75,48.21,40.24,0.00,38.02,48.21
e,28.93,25.62,25.62,38.02,0.00,33.88
f,27.18,24.30,40.24,48.21,33.88,0.00
