,a,b,c,d,e,f
a,0.00,5.14,17.00,13.04,34.67,41.86
b,5.14,0.00,20.95,17.00,34.67,41.86
c,17.00,20.95,0.00,4.58,29.65,36.05
d,13.04,17.00,4.58,0.00,24.62,36.05
e,34.67,34.67,29.65,24.62,0.00,41.86
f,41.86,41.86,36.05,36.05,41.86,0.00
