,a,b,c,d,e,f
a,0.00,22.73,15.84,17.10,27.27,19.43
b,22.73,0.00,20.79,25.71,35.64,32.64
c,15.84,20.79,0.00,10.83,34.78,25.71
d,17.10,25.71,10.83,0.00,18.48,8.57
e,27.27,35.64,34.78,18.48,0.00,15.84
f,19.43,32.64,25.71,8.57,15.84,0.00
