,a,b,c,d,e,f
a,0.00,16.26,10.38,10.38,17.72,22.68
b,16.26,0.00,16.17,16.17,23.66,35.71
c,10.38,16.17,0.00,5.66,19.46,32.89
d,10.38,16.17,5.66,0.00,19.46,32.89
e,17.72,23.66,19.46,19.46,0.00,16.03
f,22.68,35.71,32.89,32.89,16.03,0.00
