,a,b,c,d,e,f
a,0.00,15.25,28.57,28.57,38.78,38.78
b,15.25,0.00,33.67,33.67,33.67,38.78
c,28.57,33.67,0.00,8.16,23.47,23.47
d,28.57,33.67,8.16,0.00,23.47,23.47
e,38.78,33.67,23.47,23.47,0.00,21.95
f,38.78,38.78,23.47,23.47,21.95,0.00
