,a,b,c,d,e,f
a,0.00,15.71,23.37,27.54,27.54,27.54
b,15.71,0.00,19.54,17.87,22.71,17.87
c,23.37,19.54,0.00,27.54,22.71,27.54
d,27.54,17.87,27.54,0.00,21.57,21.57
e,27.54,22.71,22.71,21.57,0.00,28.10
f,27.54,17.87,27.54,21.57,28.10,0.00
