,a,b,c,d,e,f
a,0.00,10.71,43.26,36.17,21.99,22.62
b,10.71,0.00,28.21,23.08,12.82,23.42
c,43.26,28.21,0.00,17.95,23.08,38.46
d,36.17,23.08,17.95,0.00,17.95,33.33
e,21.99,12.82,23.08,17.95,0.00,23.08
f,22.62,23.42,38.46,33.33,23.08,0.00
