,a,b,c,d,e,f
a,0.00,16.33,28.93,32.04,34.01,20.32
b,16.33,0.00,34.01,46.60,44.16,32.27
c,28.93,34.01,0.00,36.89,32.04,27.18
d,32.04,46.60,36.89,0.00,22.33,30.23
e,34.01,44.16,32.04,22.33,0.00,32.04
f,20.32,32.27,27.18,30.23,32.04,0.00
