,a,b,c,d,e,f
a,0.00,0.00,16.00,12.20,16.00,12.00
b,0.00,0.00,16.00,12.20,16.00,12.00
c,16.00,16.00,0.00,31.71,32.00,28.00
d,12.20,12.20,31.71,0.00,17.07,7.32
e,16.00,16.00,32.00,17.07,0.00,12.00
f,12.00,12.00,28.00,7.32,12.00,0.00
