,a,b,c,d,e,f
a,0.00,16.35,31.94,36.44,42.97,39.16
b,16.35,0.00,37.17,36.44,42.97,39.16
c,31.94,37.17,0.00,42.41,42.41,37.17
d,36.44,36.44,42.41,0.00,20.15,12.55
e,42.97,42.97,42.41,20.15,0.00,10.45
f,39.16,39.16,37.17,12.55,10.45,0.00
