,a,b,c,d,e,f
a,0.00,21.88,25.78,21.88,21.88,10.16
b,21.88,0.00,14.06,10.16,17.97,17.97
c,25.78,14.06,0.00,14.06,21.88,21.88
d,21.88,10.16,14.06,0.00,17.97,17.97
e,21.88,17.97,21.88,17.97,0.00,17.97
f,10.16,17.97,21.88,17.97,17.97,0.00
