,a,b,c,d,e,f
a,0.00,16.00,16.00,36.59,39.25,29.91
b,16.00,0.00,0.00,17.07,20.56,11.21
c,16.00,0.00,0.00,17.07,20.56,11.21
d,36.59,17.07,17.07,0.00,17.07,7.32
e,39.25,20.56,20.56,17.07,0.00,11.21
f,29.91,11.21,11.21,7.32,11.21,0.00
