,a,b,c,d,e,f
a,0.00,22.71,17.87,17.87,22.71,17.87
b,22.71,0.00,24.44,24.44,33.33,24.44
c,17.87,24.44,0.00,11.11,20.00,11.11
d,17.87,24.44,11.11,0.00,8.73,0.79
e,22.71,33.33,20.00,8.73,0.00,8.73
f,17.87,24.44,11.11,0.79,8.73,0.00
