,a,b,c,d,e,f
a,0.00,24.73,58.33,51.61,46.24,40.48
b,24.73,0.00,52.38,46.24,40.86,34.52
c,58.33,52.38,0.00,13.42,29.58,38.46
d,51.61,46.24,13.42,0.00,27.71,39.39
e,46.24,40.86,29.58,27.71,0.00,35.06
f,40.48,34.52,38.46,39.39,35.06,0.00
