,a,b,c,d,e,f
a,0.00,15.93,24.78,38.05,24.78,12.44
b,15.93,0.00,11.50,24.78,15.93,26.27
c,24.78,11.50,0.00,24.78,15.93,30.88
d,38.05,24.78,24.78,0.00,29.20,49.31
e,24.78,15.93,15.93,29.20,0.00,35.48
f,12.44,26.27,30.88,49.31,35.48,0.00
