,a,b,c,d,e,f
a,0.00,24.30,14.50,14.50,23.08,18.22
b,24.30,0.00,32.04,27.18,36.89,36.89
c,14.50,32.04,0.00,14.50,19.23,18.22
d,14.50,27.18,14.50,0.00,23.08,18.22
e,23.08,36.89,19.23,23.08,0.00,19.23
f,18.22,36.89,18.22,18.22,19.23,0.00
