,a,b,c,d,e,f
a,0.00,16.28,0.40,6.98,14.89,0.40
b,16.28,0.00,16.28,16.20,21.05,16.28
c,0.40,16.28,0.00,6.98,14.89,0.40
d,6.98,16.20,6.98,0.00,9.57,6.98
e,14.89,21.05,14.89,9.57,0.00,14.89
f,0.40,16.28,0.40,6.98,14.89,0.00
