,a,b,c,d,e,f
a,0.00,11.46,32.29,39.89,38.78,34.43
b,11.46,0.00,28.27,34.21,39.89,36.07
c,32.29,28.27,0.00,10.57,25.37,24.05
d,39.89,34.21,10.57,0.00,25.37,29.82
e,38.78,39.89,25.37,25.37,0.00,14.29
f,34.43,36.07,24.05,29.82,14.29,0.00
