,a,b,c,d,e,f
a,0.00,20.90,17.75,18.92,13.42,26.41
b,20.90,0.00,17.75,37.85,32.20,43.50
c,17.75,17.75,0.00,32.43,26.41,35.06
d,18.92,37.85,32.43,0.00,11.65,27.71
e,13.42,32.20,26.41,11.65,0.00,18.60
f,26.41,43.50,35.06,27.71,18.60,0.00
