,a,b,c,d,e,f
a,0.00,44.44,44.44,23.61,30.56,44.44
b,44.44,0.00,28.57,28.57,36.51,72.22
c,44.44,28.57,0.00,44.44,52.38,86.11
d,23.61,28.57,44.44,0.00,12.04,44.44
e,30.56,36.51,52.38,12.04,0.00,51.39
f,44.44,72.22,86.11,44.44,51.39,0.00
