,a,b,c,d,e,f
a,0.00,6.61,33.85,29.96,33.85,37.74
b,6.61,0.00,29.96,26.07,29.96,33.85
c,33.85,29.96,0.00,10.51,29.96,22.18
d,29.96,26.07,10.51,0.00,29.96,26.07
e,33.85,29.96,29.96,29.96,0.00,33.85
f,37.74,33.85,22.18,26.07,33.85,0.00
