,a,b,c,d,e,f
a,0.00,21.57,17.65,21.57,21.57,21.57
b,21.57,0.00,13.73,13.73,17.65,17.65
c,17.65,13.73,0.00,5.88,5.88,5.88
d,21.57,13.73,5.88,0.00,9.80,9.80
e,21.57,17.65,5.88,9.80,0.00,1.96
f,21.57,17.65,5.88,9.80,1.96,0.00
