,a,b,c,d,e,f
a,0.00,20.45,20.45,28.03,31.82,26.83
b,20.45,0.00,3.78,31.82,39.39,34.96
c,20.45,3.78,0.00,31.82,39.39,34.96
d,28.03,31.82,31.82,0.00,20.45,26.83
e,31.82,39.39,39.39,20.45,0.00,18.70
f,26.83,34.96,34.96,26.83,18.70,0.00
