,a,b,c,d,e,f
a,0.00,11.85,24.81,32.33,32.33,39.85
b,11.85,0.00,24.81,39.85,39.85,43.61
c,24.81,24.81,0.00,28.57,28.57,28.57
d,32.33,39.85,28.57,0.00,17.29,28.57
e,32.33,39.85,28.57,17.29,0.00,17.29
f,39.85,43.61,28.57,28.57,17.29,0.00
