,a,b,c,d,e,f
a,0.00,7.08,27.88,15.93,39.70,38.05
b,7.08,0.00,23.40,17.00,38.05,36.76
c,27.88,23.40,0.00,31.91,47.12,53.19
d,15.93,17.00,31.91,0.00,24.78,20.95
e,39.70,38.05,47.12,24.78,0.00,15.93
f,38.05,36.76,53.19,20.95,15.93,0.00
