,a,b,c,d,e,f
a,0.00,19.35,21.74,51.61,58.76,48.45
b,19.35,0.00,5.33,38.20,43.66,36.62
c,21.74,5.33,0.00,26.72,28.57,23.47
d,51.61,38.20,26.72,0.00,6.54,6.54
e,58.76,43.66,28.57,6.54,0.00,6.54
f,48.45,36.62,23.47,6.54,6.54,0.00
