,a,b,c,d,e,f
a,0.00,5.80,13.42,22.08,15.66,26.47
b,5.80,0.00,13.42,22.08,19.68,26.47
c,13.42,13.42,0.00,23.69,15.49,21.57
d,22.08,22.08,23.69,0.00,20.19,26.47
e,15.66,19.68,15.49,20.19,0.00,15.49
f,26.47,26.47,21.57,26.47,15.49,0.00
