,a,b,c,d,e,f
a,0.00,28.57,27.54,32.37,56.52,46.86
b,28.57,0.00,35.90,40.17,52.99,48.72
c,27.54,35.90,0.00,13.98,39.07,24.73
d,32.37,40.17,13.98,0.00,42.65,28.32
e,56.52,52.99,39.07,42.65,0.00,28.32
f,46.86,48.72,24.73,28.32,28.32,0.00
