,a,b,c,d,e,f
a,0.00,8.16,22.48,30.23,41.86,31.73
b,8.16,0.00,18.60,26.36,37.98,27.71
c,22.48,18.60,0.00,32.43,36.94,29.58
d,30.23,26.36,32.43,0.00,14.73,19.68
e,41.86,37.98,36.94,14.73,0.00,23.69
f,31.73,27.71,29.58,19.68,23.69,0.00
