,a,b,c,d,e,f
a,0.00,16.67,14.73,20.19,14.73,9.09
b,16.67,0.00,15.79,21.57,19.30,15.49
c,14.73,15.79,0.00,5.41,10.89,13.42
d,20.19,21.57,5.41,0.00,14.41,16.67
e,14.73,19.30,10.89,14.41,0.00,13.42
f,9.09,15.49,13.42,16.67,13.42,0.00
