,a,b,c,d,e,f
a,0.00,9.09,17.24,40.00,24.14,17.24
b,9.09,0.00,13.93,41.56,21.66,17.05
c,17.24,13.93,0.00,28.57,17.05,12.44
d,40.00,41.56,28.57,0.00,15.58,28.57
e,24.14,21.66,17.05,15.58,0.00,12.44
f,17.24,17.05,12.44,28.57,12.44,0.00
