,a,b,c,d,e,f
a,0.00,35.96,35.96,30.38,32.13,34.13
b,35.96,0.00,11.33,21.43,16.26,16.17
c,35.96,11.33,0.00,28.57,21.18,16.17
d,30.38,21.43,28.57,0.00,17.72,32.69
e,32.13,16.26,21.18,17.72,0.00,22.16
f,34.13,16.17,16.17,32.69,22.16,0.00
