,a,b,c,d,e,f
a,0.00,35.74,27.71,13.04,16.67,25.09
b,35.74,0.00,20.29,31.73,35.74,45.83
c,27.71,20.29,0.00,27.71,31.73,45.83
d,13.04,31.73,27.71,0.00,9.42,21.35
e,16.67,35.74,31.73,9.42,0.00,25.09
f,25.09,45.83,45.83,21.35,25.09,0.00
