,a,b,c,d,e,f
a,0.00,25.53,32.62,39.72,46.81,43.26
b,25.53,0.00,32.62,32.62,36.17,32.62
c,32.62,32.62,0.00,19.64,29.08,25.53
d,39.72,32.62,19.64,0.00,29.08,25.53
e,46.81,36.17,29.08,29.08,0.00,16.67
f,43.26,32.62,25.53,25.53,16.67,0.00
