,a,b,c,d,e,f
a,0.00,29.35,45.65,29.33,47.37,41.18
b,29.35,0.00,34.78,42.68,60.00,39.76
c,45.65,34.78,0.00,61.78,60.00,51.81
d,29.33,42.68,61.78,0.00,59.09,52.61
e,47.37,60.00,60.00,59.09,0.00,33.59
f,41.18,39.76,51.81,52.61,33.59,0.00
