,a,b,c,d,e,f
a,0.00,13.39,19.49,30.61,34.69,5.51
b,13.39,0.00,11.02,22.45,26.53,13.39
c,19.49,11.02,0.00,16.30,16.30,19.49
d,30.61,22.45,16.30,0.00,17.24,30.61
e,34.69,26.53,16.30,17.24,0.00,34.69
f,5.51,13.39,19.49,30.61,34.69,0.00
