,a,b,c,d,e,f
a,0.00,23.61,9.72,23.61,31.03,38.70
b,23.61,0.00,16.67,37.50,50.19,57.85
c,9.72,16.67,0.00,23.61,34.87,42.53
d,23.61,37.50,23.61,0.00,27.20,23.37
e,31.03,50.19,34.87,27.20,0.00,15.71
f,38.70,57.85,42.53,23.37,15.71,0.00
