,a,b,c,d,e,f
a,0.00,30.23,35.48,35.48,18.60,22.48
b,30.23,0.00,19.35,19.35,18.60,18.60
c,35.48,19.35,0.00,6.86,19.35,19.35
d,35.48,19.35,6.86,0.00,19.35,19.35
e,18.60,18.60,19.35,19.35,0.00,5.80
f,22.48,18.60,19.35,19.35,5.80,0.00
