,a,b,c,d,e,f
a,0.00,15.61,9.80,33.33,37.25,13.73
b,15.61,0.00,15.61,49.37,49.37,28.27
c,9.80,15.61,0.00,33.33,37.25,21.57
d,33.33,49.37,33.33,0.00,21.57,21.57
e,37.25,49.37,37.25,21.57,0.00,29.41
f,13.73,28.27,21.57,21.57,29.41,0.00
