,a,b,c,d,e,f
a,0.00,14.06,37.50,45.31,25.78,21.88
b,14.06,0.00,41.41,37.50,21.88,17.97
c,37.50,41.41,0.00,14.06,25.78,29.69
d,45.31,37.50,14.06,0.00,21.88,25.78
e,25.78,21.88,25.78,21.88,0.00,6.25
f,21.88,17.97,29.69,25.78,6.25,0.00
