,a,b,c,d,e,f
a,0.00,11.11,22.22,24.44,30.56,28.89
b,11.11,0.00,25.93,28.89,35.19,33.33
c,22.22,25.93,0.00,24.60,25.93,24.60
d,24.44,28.89,24.60,0.00,11.11,14.53
e,30.56,35.19,25.93,11.11,0.00,17.46
f,28.89,33.33,24.60,14.53,17.46,0.00
