,a,b,c,d,e,f
a,0.00,39.27,43.13,52.61,52.61,57.35
b,39.27,0.00,30.13,38.86,38.86,60.70
c,43.13,30.13,0.00,21.40,21.40,43.23
d,52.61,38.86,21.40,0.00,7.53,34.50
e,52.61,38.86,21.40,7.53,0.00,34.50
f,57.35,60.70,43.23,34.50,34.50,0.00
