,a,b,c,d,e,f
a,0.00,4.58,22.13,26.23,23.40,39.70
b,4.58,0.00,22.13,26.23,23.40,39.70
c,22.13,22.13,0.00,8.40,24.90,40.09
d,26.23,26.23,8.40,0.00,28.85,40.09
e,23.40,23.40,24.90,28.85,0.00,17.05
f,39.70,39.70,40.09,40.09,17.05,0.00
