,a,b,c,d,e,f
a,0.00,21.35,25.13,17.07,21.95,17.07
b,21.35,0.00,26.97,5.83,19.28,5.83
c,25.13,26.97,0.00,21.95,31.71,21.95
d,17.07,5.83,21.95,0.00,12.00,0.00
e,21.95,19.28,31.71,12.00,0.00,12.00
f,17.07,5.83,21.95,0.00,12.00,0.00
