,a,b,c,d,e,f
a,0.00,4.38,18.45,12.35,24.30,21.49
b,4.38,0.00,18.45,16.33,28.29,25.62
c,18.45,18.45,0.00,18.45,31.33,28.57
d,12.35,16.33,18.45,0.00,12.35,25.62
e,24.30,28.29,31.33,12.35,0.00,38.02
f,21.49,25.62,28.57,25.62,38.02,0.00
