,a,b,c,d,e,f
a,0.00,21.93,25.65,28.57,46.15,36.80
b,21.93,0.00,10.78,19.64,34.62,21.93
c,25.65,10.78,0.00,15.18,30.77,18.22
d,28.57,19.64,15.18,0.00,39.53,24.11
e,46.15,34.62,30.77,39.53,0.00,23.75
f,36.80,21.93,18.22,24.11,23.75,0.00
