,a,b,c,d,e,f
a,0.00,14.29,16.67,11.39,21.57,25.49
b,14.29,0.00,25.17,16.67,33.33,38.10
c,16.67,25.17,0.00,13.79,21.88,32.29
d,11.39,16.67,13.79,0.00,28.27,32.49
e,21.57,33.33,21.88,28.27,0.00,14.09
f,25.49,38.10,32.29,32.49,14.09,0.00
