,a,b,c,d,e,f
a,0.00,25.49,21.57,21.05,28.27,24.05
b,25.49,0.00,17.65,25.44,15.61,15.61
c,21.57,17.65,0.00,12.28,15.61,11.39
d,21.05,25.44,12.28,0.00,19.05,14.29
e,28.27,15.61,15.61,19.05,0.00,7.17
f,24.05,15.61,11.39,14.29,7.17,0.00
