,a,b,c,d,e,f
a,0.00,26.70,33.92,35.00,30.64,57.32
b,26.70,0.00,39.56,41.94,38.36,57.98
c,33.92,39.56,0.00,20.70,25.00,37.17
d,35.00,41.94,20.70,0.00,20.00,26.70
e,30.64,38.36,25.00,20.00,0.00,39.02
f,57.32,57.98,37.17,26.70,39.02,0.00
