,a,b,c,d,e,f
a,0.00,30.89,39.02,34.96,25.49,21.57
b,30.89,0.00,9.80,5.88,25.49,17.65
c,39.02,9.80,0.00,5.88,29.41,21.57
d,34.96,5.88,5.88,0.00,25.49,17.65
e,25.49,25.49,29.41,25.49,0.00,6.67
f,21.57,17.65,21.57,17.65,6.67,0.00
