,a,b,c,d,e,f
a,0.00,26.72,31.71,31.71,38.22,26.64
b,26.72,0.00,30.48,30.48,37.76,29.46
c,31.71,30.48,0.00,13.36,20.58,29.91
d,31.71,30.48,13.36,0.00,20.58,29.91
e,38.22,37.76,20.58,20.58,0.00,29.10
f,26.64,29.46,29.91,29.91,29.10,0.00
