,a,b,c,d,e,f
a,0.00,32.58,28.25,28.25,59.64,48.60
b,32.58,0.00,34.58,34.58,60.98,49.44
c,28.25,34.58,0.00,26.64,40.00,32.74
d,28.25,34.58,26.64,0.00,52.00,41.70
e,59.64,60.98,40.00,52.00,0.00,32.74
f,48.60,49.44,32.74,41.70,32.74,0.00
