,a,b,c,d,e,f
a,0.00,33.05,28.87,16.36,16.36,24.81
b,33.05,0.00,20.50,20.50,20.50,41.18
c,28.87,20.50,0.00,16.32,16.32,45.70
d,16.36,20.50,16.32,0.00,4.93,29.96
e,16.36,20.50,16.32,4.93,0.00,29.96
f,24.81,41.18,45.70,29.96,29.96,0.00
