,a,b,c,d,e,f
a,0.00,10.64,13.04,13.04,22.08,36.84
b,10.64,0.00,9.84,19.15,26.47,36.05
c,13.04,9.84,0.00,20.95,28.57,42.11
d,13.04,19.15,20.95,0.00,15.58,26.32
e,22.08,26.47,28.57,15.58,0.00,15.58
f,36.84,36.05,42.11,26.32,15.58,0.00
