,a,b,c,d,e,f
a,0.00,19.05,19.05,19.05,9.52,19.05
b,19.05,0.00,9.52,33.33,23.81,33.33
c,19.05,9.52,0.00,33.33,23.81,33.33
d,19.05,33.33,33.33,0.00,9.80,17.65
e,9.52,23.81,23.81,9.80,0.00,9.80
f,19.05,33.33,33.33,17.65,9.80,0.00
