,a,b,c,d,e,f
a,0.00,13.88,25.27,6.35,20.70,20.70
b,13.88,0.00,34.07,15.00,29.69,29.69
c,25.27,34.07,0.00,21.71,22.02,22.02
d,6.35,15.00,21.71,0.00,17.43,17.43
e,20.70,29.69,22.02,17.43,0.00,7.49
f,20.70,29.69,22.02,17.43,7.49,0.00
