,a,b,c,d,e,f
a,0.00,12.89,30.77,30.77,33.80,15.38
b,12.89,0.00,30.77,30.77,33.80,19.23
c,30.77,30.77,0.00,11.54,26.92,27.04
d,30.77,30.77,11.54,0.00,19.23,27.04
e,33.80,33.80,26.92,19.23,0.00,30.77
f,15.38,19.23,27.04,27.04,30.77,0.00
