,a,b,c,d,e,f
a,0.00,14.89,23.40,36.17,39.70,35.48
b,14.89,0.00,27.66,40.43,44.72,40.09
c,23.40,27.66,0.00,26.20,40.43,36.76
d,36.17,40.43,26.20,0.00,40.43,44.66
e,39.70,44.72,40.43,40.43,0.00,44.70
f,35.48,40.09,36.76,44.66,44.70,0.00
