,a,b,c,d,e,f
a,0.00,18.82,40.96,48.34,29.89,37.27
b,18.82,0.00,40.96,52.03,37.27,37.27
c,40.96,40.96,0.00,30.80,20.42,18.82
d,48.34,52.03,30.80,0.00,34.26,33.58
e,29.89,37.27,20.42,34.26,0.00,22.51
f,37.27,37.27,18.82,33.58,22.51,0.00
