,a,b,c,d,e,f
a,0.00,21.40,35.22,31.17,49.58,43.23
b,21.40,0.00,25.78,30.13,59.09,52.61
c,35.22,25.78,0.00,35.22,62.18,56.33
d,31.17,30.13,35.22,0.00,35.22,28.57
e,49.58,59.09,62.18,35.22,0.00,10.96
f,43.23,52.61,56.33,28.57,10.96,0.00
