,a,b,c,d,e,f
a,0.00,12.50,29.58,31.37,14.73,18.60
b,12.50,0.00,16.67,18.92,8.33,12.50
c,29.58,16.67,0.00,12.82,24.88,29.58
d,31.37,18.92,12.82,0.00,26.47,31.37
e,14.73,8.33,24.88,26.47,0.00,6.98
f,18.60,12.50,29.58,31.37,6.98,0.00
