,a,b,c,d,e,f
a,0.00,19.87,31.37,20.29,40.35,47.79
b,19.87,0.00,21.57,13.04,36.84,35.74
c,31.37,21.57,0.00,16.67,38.46,28.57
d,20.29,13.04,16.67,0.00,36.33,33.33
e,40.35,36.84,38.46,36.33,0.00,38.41
f,47.79,35.74,28.57,33.33,38.41,0.00
