,a,b,c,d,e,f
a,0.00,1.87,9.48,12.20,9.48,12.20
b,1.87,0.00,6.54,9.09,11.21,14.44
c,9.48,6.54,0.00,12.20,18.10,21.95
d,12.20,9.09,12.20,0.00,17.07,26.97
e,9.48,11.21,18.10,17.07,0.00,10.31
f,12.20,14.44,21.95,26.97,10.31,0.00
