,a,b,c,d,e,f
a,0.00,25.65,29.37,25.62,36.80,33.09
b,25.65,0.00,18.22,25.62,25.65,29.37
c,29.37,18.22,0.00,29.75,29.37,33.09
d,25.62,25.62,29.75,0.00,33.88,33.88
e,36.80,25.65,29.37,33.88,0.00,18.22
f,33.09,29.37,33.09,33.88,18.22,0.00
