,a,b,c,d,e,f
a,0.00,17.65,37.25,13.73,13.73,17.65
b,17.65,0.00,45.10,21.57,21.57,25.49
c,37.25,45.10,0.00,21.99,45.10,49.02
d,13.73,21.57,21.99,0.00,21.57,25.49
e,13.73,21.57,45.10,21.57,0.00,5.88
f,17.65,25.49,49.02,25.49,5.88,0.00
