,a,b,c,d,e,f
a,0.00,10.16,21.88,41.41,28.57,38.39
b,10.16,0.00,14.06,41.41,28.57,38.39
c,21.88,14.06,0.00,49.22,36.97,38.39
d,41.41,41.41,49.22,0.00,19.03,38.39
e,28.57,28.57,36.97,19.03,0.00,27.46
f,38.39,38.39,38.39,38.39,27.46,0.00
