,a,b,c,d,e,f
a,0.00,21.30,25.93,48.72,25.93,16.67
b,21.30,0.00,4.04,34.64,12.70,14.53
c,25.93,4.04,0.00,34.64,19.19,22.22
d,48.72,34.64,34.64,0.00,41.18,33.33
e,25.93,12.70,19.19,41.18,0.00,18.80
f,16.67,14.53,22.22,33.33,18.80,0.00
