,a,b,c,d,e,f
a,0.00,23.08,37.50,24.78,20.35,4.58
b,23.08,0.00,30.88,36.05,36.05,23.08
c,37.50,30.88,0.00,36.05,41.86,37.50
d,24.78,36.05,36.05,0.00,20.35,24.78
e,20.35,36.05,41.86,20.35,0.00,20.35
f,4.58,23.08,37.50,24.78,20.35,0.00
