,a,b,c,d,e,f
a,0.00,15.38,19.23,19.23,28.93,18.78
b,15.38,0.00,15.38,15.38,18.78,8.63
c,19.23,15.38,0.00,11.54,18.78,8.63
d,19.23,15.38,11.54,0.00,23.86,13.71
e,28.93,18.78,18.78,23.86,0.00,18.78
f,18.78,8.63,8.63,13.71,18.78,0.00
