,a,b,c,d,e,f
a,0.00,19.54,44.44,40.48,31.62,27.20
b,19.54,0.00,53.70,48.41,44.44,34.87
c,44.44,53.70,0.00,32.37,25.93,35.19
d,40.48,48.41,32.37,0.00,10.26,24.60
e,31.62,44.44,25.93,10.26,0.00,23.08
f,27.20,34.87,35.19,24.60,23.08,0.00
