,a,b,c,d,e,f
a,0.00,20.32,33.04,46.60,28.57,41.96
b,20.32,0.00,21.49,33.04,25.62,29.75
c,33.04,21.49,0.00,28.57,29.75,33.88
d,46.60,33.04,28.57,0.00,28.57,28.57
e,28.57,25.62,29.75,28.57,0.00,15.38
f,41.96,29.75,33.88,28.57,15.38,0.00
