,a,b,c,d,e,f
a,0.00,22.13,26.23,26.23,38.52,26.23
b,22.13,0.00,7.75,11.44,30.33,18.03
c,26.23,7.75,0.00,15.13,34.43,22.13
d,26.23,11.44,15.13,0.00,34.43,22.13
e,38.52,30.33,34.43,34.43,0.00,18.82
f,26.23,18.03,22.13,22.13,18.82,0.00
