,a,b,c,d,e,f
a,0.00,20.83,27.93,33.33,26.47,26.41
b,20.83,0.00,31.73,40.07,39.39,34.11
c,27.93,31.73,0.00,9.84,25.09,19.00
d,33.33,40.07,9.84,0.00,22.81,19.54
e,26.47,39.39,25.09,22.81,0.00,15.79
f,26.41,34.11,19.00,19.54,15.79,0.00
