,a,b,c,d,e,f
a,0.00,12.21,38.93,31.30,31.30,42.75
b,12.21,0.00,31.30,23.66,31.30,42.75
c,38.93,31.30,0.00,23.66,35.11,38.93
d,31.30,23.66,23.66,0.00,31.30,42.75
e,31.30,31.30,35.11,31.30,0.00,23.66
f,42.75,42.75,38.93,42.75,23.66,0.00
