,a,b,c,d,e,f
a,0.00,0.00,0.33,16.13,19.35,6.25
b,0.00,0.00,0.33,16.13,19.35,6.25
c,0.33,0.33,0.00,16.94,20.27,6.88
d,16.13,16.13,16.94,0.00,16.13,17.97
e,19.35,19.35,20.27,16.13,0.00,21.88
f,6.25,6.25,6.88,17.97,21.88,0.00
