,a,b,c,d,e,f
a,0.00,9.09,14.59,20.15,23.95,18.37
b,9.09,0.00,10.34,15.44,19.12,13.39
c,14.59,10.34,0.00,15.44,19.12,13.39
d,20.15,15.44,15.44,0.00,17.98,9.70
e,23.95,19.12,19.12,17.98,0.00,13.04
f,18.37,13.39,13.39,9.70,13.04,0.00
