,a,b,c,d,e,f
a,0.00,25.62,25.62,21.49,32.96,37.50
b,25.62,0.00,0.93,15.38,25.53,29.75
c,25.62,0.93,0.00,15.38,25.53,29.75
d,21.49,15.38,15.38,0.00,30.85,33.88
e,32.96,25.53,25.53,30.85,0.00,30.85
f,37.50,29.75,29.75,33.88,30.85,0.00
