,a,b,c,d,e,f
a,0.00,13.46,10.26,43.82,53.85,53.85
b,13.46,0.00,10.26,43.82,53.85,53.85
c,10.26,10.26,0.00,42.03,50.98,50.98
d,43.82,43.82,42.03,0.00,20.29,23.91
e,53.85,53.85,50.98,20.29,0.00,23.91
f,53.85,53.85,50.98,23.91,23.91,0.00
