,a,b,c,d,e,f
a,0.00,37.17,27.97,42.58,35.48,23.95
b,37.17,0.00,13.39,33.01,18.66,25.20
c,27.97,13.39,0.00,21.26,12.84,16.39
d,42.58,33.01,21.26,0.00,15.00,17.32
e,35.48,18.66,12.84,15.00,0.00,12.84
f,23.95,25.20,16.39,17.32,12.84,0.00
