,a,b,c,d,e,f
a,0.00,5.41,18.92,23.42,23.42,24.88
b,5.41,0.00,18.92,23.42,23.42,24.88
c,18.92,18.92,0.00,8.77,8.77,6.98
d,23.42,23.42,8.77,0.00,8.77,10.85
e,23.42,23.42,8.77,8.77,0.00,10.85
f,24.88,24.88,6.98,10.85,10.85,0.00
