,a,b,c,d,e,f
a,0.00,28.00,28.00,28.00,36.00,32.00
b,28.00,0.00,21.64,25.37,25.37,21.64
c,28.00,21.64,0.00,25.37,25.37,21.64
d,28.00,25.37,25.37,0.00,10.67,16.93
e,36.00,25.37,25.37,10.67,0.00,16.93
f,32.00,21.64,21.64,16.93,16.93,0.00
