,a,b,c,d,e,f
a,0.00,12.62,18.78,10.71,14.47,15.18
b,12.62,0.00,8.63,12.62,32.84,17.48
c,18.78,8.63,0.00,18.78,40.30,23.86
d,10.71,12.62,18.78,0.00,21.05,15.18
e,14.47,32.84,40.30,21.05,0.00,21.05
f,15.18,17.48,23.86,15.18,21.05,0.00
