,a,b,c,d,e,f
a,0.00,8.16,23.47,23.47,34.91,40.83
b,8.16,0.00,22.78,22.78,26.72,31.03
c,23.47,22.78,0.00,18.92,43.97,48.28
d,23.47,22.78,18.92,0.00,39.66,39.66
e,34.91,26.72,43.97,39.66,0.00,18.10
f,40.83,31.03,48.28,39.66,18.10,0.00
