,a,b,c,d,e,f
a,0.00,45.95,32.43,45.95,45.95,45.95
b,45.95,0.00,29.13,23.44,33.01,23.44
c,32.43,29.13,0.00,18.66,28.23,28.23
d,45.95,23.44,18.66,0.00,13.88,13.88
e,45.95,33.01,28.23,13.88,0.00,23.44
f,45.95,23.44,28.23,13.88,23.44,0.00
