,a,b,c,d,e,f
a,0.00,53.22,46.86,22.71,33.33,29.82
b,53.22,0.00,24.24,37.78,64.65,59.60
c,46.86,24.24,0.00,35.90,56.52,54.55
d,22.71,37.78,35.90,0.00,44.44,42.22
e,33.33,64.65,56.52,44.44,0.00,20.00
f,29.82,59.60,54.55,42.22,20.00,0.00
