,a,b,c,d,e,f
a,0.00,21.49,41.49,36.17,33.88,33.88
b,21.49,0.00,30.85,25.53,46.28,42.15
c,41.49,30.85,0.00,14.89,57.45,62.77
d,36.17,25.53,14.89,0.00,57.45,62.77
e,33.88,46.28,57.45,57.45,0.00,15.38
f,33.88,42.15,62.77,62.77,15.38,0.00
