,a,b,c,d,e,f
a,0.00,13.64,20.75,38.86,38.86,45.54
b,13.64,0.00,13.64,29.35,29.35,36.31
c,20.75,13.64,0.00,30.13,30.13,40.59
d,38.86,29.35,30.13,0.00,8.30,35.64
e,38.86,29.35,30.13,8.30,0.00,35.64
f,45.54,36.31,40.59,35.64,35.64,0.00
