,a,b,c,d,e,f
a,0.00,18.09,36.09,41.42,33.85,39.13
b,18.09,0.00,32.33,33.05,26.07,30.43
c,36.09,32.33,0.00,21.05,33.85,39.13
d,41.42,33.05,21.05,0.00,30.43,35.96
e,33.85,26.07,33.85,30.43,0.00,13.04
f,39.13,30.43,39.13,35.96,13.04,0.00
