,a,b,c,d,e,f
a,0.00,15.00,10.00,41.94,29.03,29.69
b,15.00,0.00,15.00,35.48,29.03,29.69
c,10.00,15.00,0.00,35.78,31.19,28.57
d,41.94,35.48,35.78,0.00,23.73,47.98
e,29.03,29.03,31.19,23.73,0.00,36.42
f,29.69,29.69,28.57,47.98,36.42,0.00
