,a,b,c,d,e,f
a,0.00,14.81,53.22,53.22,55.56,55.56
b,14.81,0.00,41.52,41.52,62.96,55.56
c,53.22,41.52,0.00,18.13,57.26,57.26
d,53.22,41.52,18.13,0.00,65.81,65.81
e,55.56,62.96,57.26,65.81,0.00,25.93
f,55.56,55.56,57.26,65.81,25.93,0.00
