,a,b,c,d,e,f
a,0.00,22.51,29.20,29.20,29.20,15.93
b,22.51,0.00,33.63,29.20,33.63,29.20
c,29.20,33.63,0.00,38.05,38.05,29.20
d,29.20,29.20,38.05,0.00,14.29,24.78
e,29.20,33.63,38.05,14.29,0.00,24.78
f,15.93,29.20,29.20,24.78,24.78,0.00
