,a,b,c,d,e,f
a,0.00,8.40,5.14,44.66,44.66,44.66
b,8.40,0.00,9.09,44.66,48.62,48.62
c,5.14,9.09,0.00,46.72,46.72,46.72
d,44.66,44.66,46.72,0.00,28.85,32.81
e,44.66,48.62,46.72,28.85,0.00,9.09
f,44.66,48.62,46.72,32.81,9.09,0.00
