,a,b,c,d,e,f
a,0.00,36.84,52.63,23.40,36.17,19.15
b,36.84,0.00,37.50,47.37,42.11,42.11
c,52.63,37.50,0.00,57.89,57.89,52.63
d,23.40,47.37,57.89,0.00,36.17,19.15
e,36.17,42.11,57.89,36.17,0.00,31.30
f,19.15,42.11,52.63,19.15,31.30,0.00
