,a,b,c,d,e,f
a,0.00,13.98,13.98,29.58,16.67,26.47
b,13.98,0.00,4.17,40.86,26.55,37.85
c,13.98,4.17,0.00,40.86,26.55,37.85
d,29.58,40.86,40.86,0.00,31.37,41.18
e,16.67,26.55,26.55,31.37,0.00,10.85
f,26.47,37.85,37.85,41.18,10.85,0.00
