,a,b,c,d,e,f
a,0.00,7.17,33.33,21.05,15.61,16.67
b,7.17,0.00,28.27,17.81,13.24,14.29
c,33.33,28.27,0.00,25.44,28.27,29.82
d,21.05,17.81,25.44,0.00,14.29,15.42
e,15.61,13.24,28.27,14.29,0.00,3.51
f,16.67,14.29,29.82,15.42,3.51,0.00
