,a,b,c,d,e,f
a,0.00,45.54,33.59,25.78,25.78,32.77
b,45.54,0.00,35.64,25.74,25.74,29.35
c,33.59,35.64,0.00,9.43,9.43,14.98
d,25.78,25.74,9.43,0.00,1.89,10.93
e,25.78,25.74,9.43,1.89,0.00,10.93
f,32.77,29.35,14.98,10.93,10.93,0.00
