,a,b,c,d,e,f
a,0.00,31.17,31.17,39.27,52.61,43.13
b,31.17,0.00,27.13,35.22,47.87,33.65
c,31.17,27.13,0.00,27.13,33.65,28.91
d,39.27,35.22,27.13,0.00,33.65,19.43
e,52.61,47.87,33.65,33.65,0.00,14.98
f,43.13,33.65,28.91,19.43,14.98,0.00
