,a,b,c,d,e,f
a,0.00,19.23,28.29,34.62,34.62,26.92
b,19.23,0.00,8.78,19.23,26.92,11.54
c,28.29,8.78,0.00,20.32,28.29,12.35
d,34.62,19.23,20.32,0.00,30.77,15.38
e,34.62,26.92,28.29,30.77,0.00,19.23
f,26.92,11.54,12.35,15.38,19.23,0.00
