,a,b,c,d,e,f
a,0.00,23.08,28.99,23.08,28.99,14.80
b,23.08,0.00,11.24,5.33,11.24,5.33
c,28.99,11.24,0.00,11.24,17.16,11.24
d,23.08,5.33,11.24,0.00,11.24,5.33
e,28.99,11.24,17.16,11.24,0.00,11.24
f,14.80,5.33,11.24,5.33,11.24,0.00
