,a,b,c,d,e,f
a,0.00,6.67,2.22,39.39,29.29,24.24
b,6.67,0.00,6.67,39.39,34.34,29.29
c,2.22,6.67,0.00,33.33,28.89,20.00
d,39.39,39.39,33.33,0.00,18.80,24.44
e,29.29,34.34,28.89,18.80,0.00,20.00
f,24.24,29.29,20.00,24.44,20.00,0.00
