,a,b,c,d,e,f
a,0.00,14.18,18.92,16.00,17.01,29.46
b,14.18,0.00,24.00,29.46,31.03,43.97
c,18.92,24.00,0.00,12.00,21.16,29.46
d,16.00,29.46,12.00,0.00,12.86,21.16
e,17.01,31.03,21.16,12.86,0.00,17.01
f,29.46,43.97,29.46,21.16,17.01,0.00
