,a,b,c,d,e,f
a,0.00,8.65,23.08,27.88,23.08,13.46
b,8.65,0.00,32.52,32.52,26.38,26.38
c,23.08,32.52,0.00,21.66,12.44,30.23
d,27.88,32.52,21.66,0.00,12.44,36.05
e,23.08,26.38,12.44,12.44,0.00,30.23
f,13.46,26.38,30.23,36.05,30.23,0.00
