,a,b,c,d,e,f
a,0.00,27.93,13.42,26.41,26.41,26.47
b,27.93,0.00,19.68,28.84,25.09,24.88
c,13.42,19.68,0.00,22.48,18.60,18.92
d,26.41,28.84,22.48,0.00,20.29,23.42
e,26.41,25.09,18.60,20.29,0.00,18.92
f,26.47,24.88,18.92,23.42,18.92,0.00
