,a,b,c,d,e,f
a,0.00,17.65,36.71,34.96,33.33,17.65
b,17.65,0.00,17.65,15.75,18.44,9.80
c,36.71,17.65,0.00,10.57,13.73,28.27
d,34.96,15.75,10.57,0.00,8.42,26.83
e,33.33,18.44,13.73,8.42,0.00,25.49
f,17.65,9.80,28.27,26.83,25.49,0.00
