,a,b,c,d,e,f
a,0.00,7.34,30.43,36.71,33.67,18.92
b,7.34,0.00,30.43,36.71,28.57,15.06
c,30.43,30.43,0.00,36.71,24.81,39.13
d,36.71,36.71,36.71,0.00,49.37,49.37
e,33.67,28.57,24.81,49.37,0.00,33.67
f,18.92,15.06,39.13,49.37,33.67,0.00
