,a,b,c,d,e,f
a,0.00,4.76,21.57,25.49,25.49,29.41
b,4.76,0.00,17.65,21.57,25.49,25.49
c,21.57,17.65,0.00,5.88,9.80,9.80
d,25.49,21.57,5.88,0.00,4.26,13.73
e,25.49,25.49,9.80,4.26,0.00,17.65
f,29.41,25.49,9.80,13.73,17.65,0.00
