,a,b,c,d,e,f
a,0.00,12.00,0.00,8.71,12.00,24.00
b,12.00,0.00,12.00,21.16,24.00,36.00
c,0.00,12.00,0.00,8.71,12.00,24.00
d,8.71,21.16,8.71,0.00,12.86,21.16
e,12.00,24.00,12.00,12.86,0.00,28.00
f,24.00,36.00,24.00,21.16,28.00,0.00
