,a,b,c,d,e,f
a,0.00,19.54,42.53,31.62,35.90,31.03
b,19.54,0.00,46.36,35.90,35.90,31.03
c,42.53,46.36,0.00,16.67,27.35,31.03
d,31.62,35.90,16.67,0.00,27.54,23.08
e,35.90,35.90,27.35,27.54,0.00,10.26
f,31.03,31.03,31.03,23.08,10.26,0.00
