,a,b,c,d,e,f
a,0.00,43.55,27.42,43.18,43.18,12.86
b,43.55,0.00,32.33,48.45,48.45,47.37
c,27.42,32.33,0.00,38.14,38.14,32.33
d,43.18,48.45,38.14,0.00,18.75,48.45
e,43.18,48.45,38.14,18.75,0.00,48.45
f,12.86,47.37,32.33,48.45,48.45,0.00
