,a,b,c,d,e,f
a,0.00,10.83,29.94,36.31,28.06,17.20
b,10.83,0.00,23.91,29.35,21.69,13.04
c,29.94,23.91,0.00,17.81,16.98,7.53
d,36.31,29.35,17.81,0.00,23.36,16.94
e,28.06,21.69,16.98,23.36,0.00,8.76
f,17.20,13.04,7.53,16.94,8.76,0.00
