,a,b,c,d,e,f
a,0.00,3.10,3.10,18.60,22.08,37.98
b,3.10,0.00,3.10,18.60,22.08,37.98
c,3.10,3.10,0.00,18.60,22.08,37.98
d,18.60,18.60,18.60,0.00,10.85,45.74
e,22.08,22.08,22.08,10.85,0.00,39.39
f,37.98,37.98,37.98,45.74,39.39,0.00
