,a,b,c,d,e,f
a,0.00,19.12,32.20,27.97,40.68,19.49
b,19.12,0.00,27.97,32.20,40.68,23.73
c,32.20,27.97,0.00,13.39,21.26,29.13
d,27.97,32.20,13.39,0.00,13.39,25.20
e,40.68,40.68,21.26,13.39,0.00,37.01
f,19.49,23.73,29.13,25.20,37.01,0.00
