,a,b,c,d,e,f
a,0.00,5.59,26.64,35.34,40.83,18.92
b,5.59,0.00,30.50,39.66,46.75,22.78
c,26.64,30.50,0.00,35.34,40.83,26.64
d,35.34,39.66,35.34,0.00,17.16,18.10
e,40.83,46.75,40.83,17.16,0.00,17.16
f,18.92,22.78,26.64,18.10,17.16,0.00
