,a,b,c,d,e,f
a,0.00,20.14,11.88,58.85,50.00,50.62
b,20.14,0.00,17.56,65.81,50.00,52.99
c,11.88,17.56,0.00,71.01,65.28,51.69
d,58.85,65.81,71.01,0.00,33.33,25.93
e,50.00,50.00,65.28,33.33,0.00,38.89
f,50.62,52.99,51.69,25.93,38.89,0.00
