,a,b,c,d,e,f
a,0.00,21.18,26.11,26.11,26.11,34.13
b,21.18,0.00,31.03,31.03,31.03,34.13
c,26.11,31.03,0.00,18.29,15.32,16.26
d,26.11,31.03,18.29,0.00,3.23,16.26
e,26.11,31.03,15.32,3.23,0.00,12.37
f,34.13,34.13,16.26,16.26,12.37,0.00
