,a,b,c,d,e,f
a,0.00,13.04,1.19,17.00,28.85,28.85
b,13.04,0.00,13.04,28.85,32.81,40.71
c,1.19,13.04,0.00,17.00,28.85,28.85
d,17.00,28.85,17.00,0.00,24.90,13.04
e,28.85,32.81,28.85,24.90,0.00,20.95
f,28.85,40.71,28.85,13.04,20.95,0.00
