,a,b,c,d,e,f
a,0.00,9.09,25.65,38.02,36.80,36.80
b,9.09,0.00,36.80,50.41,47.96,47.96
c,25.65,36.80,0.00,29.75,36.80,36.80
d,38.02,50.41,29.75,0.00,33.88,33.88
e,36.80,47.96,36.80,33.88,0.00,7.06
f,36.80,47.96,36.80,33.88,7.06,0.00
