,a,b,c,d,e,f
a,0.00,11.65,28.21,19.68,31.73,31.73
b,11.65,0.00,23.08,11.65,23.69,23.69
c,28.21,23.08,0.00,17.95,33.33,28.21
d,19.68,11.65,17.95,0.00,14.73,14.73
e,31.73,23.69,33.33,14.73,0.00,18.60
f,31.73,23.69,28.21,14.73,18.60,0.00
