,a,b,c,d,e,f
a,0.00,17.97,21.88,40.91,32.64,48.19
b,17.97,0.00,17.97,40.91,43.01,58.55
c,21.88,17.97,0.00,40.91,43.01,58.55
d,40.91,40.91,40.91,0.00,24.53,43.40
e,32.64,43.01,43.01,24.53,0.00,32.08
f,48.19,58.55,58.55,43.40,32.08,0.00
