,a,b,c,d,e,f
a,0.00,10.11,16.67,34.96,34.96,13.42
b,10.11,0.00,11.76,26.83,26.83,9.09
c,16.67,11.76,0.00,26.83,26.83,11.76
d,34.96,26.83,26.83,0.00,26.83,26.83
e,34.96,26.83,26.83,26.83,0.00,26.83
f,13.42,9.09,11.76,26.83,26.83,0.00
