,a,b,c,d,e,f
a,0.00,33.82,37.50,28.83,28.83,27.76
b,33.82,0.00,11.67,19.12,41.18,44.88
c,37.50,11.67,0.00,22.79,44.85,48.82
d,28.83,19.12,22.79,0.00,32.38,35.36
e,28.83,41.18,44.85,32.38,0.00,7.98
f,27.76,44.88,48.82,35.36,7.98,0.00
