,a,b,c,d,e,f
a,0.00,15.73,31.25,38.20,34.91,40.83
b,15.73,0.00,31.03,34.36,32.00,36.00
c,31.25,31.03,0.00,52.59,37.22,32.74
d,38.20,34.36,52.59,0.00,28.00,32.00
e,34.91,32.00,37.22,28.00,0.00,16.00
f,40.83,36.00,32.74,32.00,16.00,0.00
