,a,b,c,d,e,f
a,0.00,11.63,20.32,28.93,27.18,22.33
b,11.63,0.00,6.98,13.04,11.76,5.88
c,20.32,6.98,0.00,13.71,2.91,7.77
d,28.93,13.04,13.71,0.00,21.05,14.47
e,27.18,11.76,2.91,21.05,0.00,7.77
f,22.33,5.88,7.77,14.47,7.77,0.00
