,a,b,c,d,e,f
a,0.00,23.08,24.88,18.60,34.52,26.36
b,23.08,0.00,17.95,38.46,50.35,48.72
c,24.88,17.95,0.00,29.58,43.26,38.97
d,18.60,38.46,29.58,0.00,15.25,9.42
e,34.52,50.35,43.26,15.25,0.00,26.55
f,26.36,48.72,38.97,9.42,26.55,0.00
