,a,b,c,d,e,f
a,0.00,15.49,8.45,13.04,57.14,21.74
b,15.49,0.00,12.00,18.37,43.66,28.57
c,8.45,12.00,0.00,13.27,36.62,23.47
d,13.04,18.37,13.27,0.00,22.54,13.27
e,57.14,43.66,36.62,22.54,0.00,36.62
f,21.74,28.57,23.47,13.27,36.62,0.00
