,a,b,c,d,e,f
a,0.00,25.65,18.22,27.04,17.36,25.62
b,25.65,0.00,25.65,35.62,38.02,46.28
c,18.22,25.65,0.00,18.45,33.88,42.15
d,27.04,35.62,18.45,0.00,41.75,51.46
e,17.36,38.02,33.88,41.75,0.00,15.38
f,25.62,46.28,42.15,51.46,15.38,0.00
