,a,b,c,d,e,f
a,0.00,20.21,32.96,39.09,21.49,26.92
b,20.21,0.00,21.79,30.85,21.79,25.53
c,32.96,21.79,0.00,21.79,32.96,38.55
d,39.09,30.85,21.79,0.00,38.55,34.01
e,21.49,21.79,32.96,38.55,0.00,13.22
f,26.92,25.53,38.55,34.01,13.22,0.00
