,a,b,c,d,e,f
a,0.00,10.96,14.38,33.65,20.75,33.59
b,10.96,0.00,14.38,38.39,24.53,37.50
c,14.38,14.38,0.00,38.39,28.30,41.41
d,33.65,38.39,38.39,0.00,19.43,28.91
e,20.75,24.53,28.30,19.43,0.00,17.97
f,33.59,37.50,41.41,28.91,17.97,0.00
