,a,b,c,d,e,f
a,0.00,36.36,35.64,27.27,27.27,13.64
b,36.36,0.00,20.75,20.17,36.97,41.18
c,35.64,20.75,0.00,13.64,31.82,31.82
d,27.27,20.17,13.64,0.00,25.78,29.69
e,27.27,36.97,31.82,25.78,0.00,21.88
f,13.64,41.18,31.82,29.69,21.88,0.00
