,a,b,c,d,e,f
a,0.00,18.37,17.32,23.73,21.26,21.26
b,18.37,0.00,6.12,33.92,34.69,34.69
c,17.32,6.12,0.00,32.20,29.13,29.13
d,23.73,33.92,32.20,0.00,14.29,14.29
e,21.26,34.69,29.13,14.29,0.00,12.55
f,21.26,34.69,29.13,14.29,12.55,0.00
