,a,b,c,d,e,f
a,0.00,32.54,25.93,29.29,23.61,13.58
b,32.54,0.00,31.22,29.29,37.50,25.93
c,25.93,31.22,0.00,20.63,25.93,15.03
d,29.29,29.29,20.63,0.00,23.61,19.75
e,23.61,37.50,25.93,23.61,0.00,16.67
f,13.58,25.93,15.03,19.75,16.67,0.00
