,a,b,c,d,e,f
a,0.00,37.11,29.08,16.67,26.67,24.53
b,37.11,0.00,20.90,34.52,40.86,33.33
c,29.08,20.90,0.00,33.33,32.20,26.55
d,16.67,34.52,33.33,0.00,30.82,22.62
e,26.67,40.86,32.20,30.82,0.00,16.67
f,24.53,33.33,26.55,22.62,16.67,0.00
