,a,b,c,d,e,f
a,0.00,12.21,31.91,32.69,32.69,23.40
b,12.21,0.00,31.91,32.69,32.69,23.40
c,31.91,31.91,0.00,27.66,27.66,27.48
d,32.69,32.69,27.66,0.00,23.40,31.91
e,32.69,32.69,27.66,23.40,0.00,31.91
f,23.40,23.40,27.48,31.91,31.91,0.00
