,a,b,c,d,e,f
a,0.00,13.79,14.80,26.72,31.71,31.71
b,13.79,0.00,8.00,26.64,31.03,35.34
c,14.80,8.00,0.00,24.00,28.25,32.74
d,26.72,26.64,24.00,0.00,18.10,22.41
e,31.71,31.03,28.25,18.10,0.00,5.08
f,31.71,35.34,32.74,22.41,5.08,0.00
