,a,b,c,d,e,f
a,0.00,23.44,28.23,33.01,28.23,31.94
b,23.44,0.00,21.26,25.20,17.32,23.44
c,28.23,21.26,0.00,21.26,13.39,37.80
d,33.01,25.20,21.26,0.00,9.45,33.01
e,28.23,17.32,13.39,9.45,0.00,33.01
f,31.94,23.44,37.80,33.01,33.01,0.00
