,a,b,c,d,e,f
a,0.00,3.61,27.71,27.71,31.73,43.78
b,3.61,0.00,27.71,27.71,31.73,43.78
c,27.71,27.71,0.00,22.48,35.74,47.79
d,27.71,27.71,22.48,0.00,39.76,43.78
e,31.73,31.73,35.74,39.76,0.00,31.16
f,43.78,43.78,47.79,43.78,31.16,0.00
