,a,b,c,d,e,f
a,0.00,8.63,4.38,62.77,41.49,17.48
b,8.63,0.00,3.55,58.04,37.06,21.05
c,4.38,3.55,0.00,57.45,36.17,12.62
d,62.77,58.04,57.45,0.00,30.85,46.81
e,41.49,37.06,36.17,30.85,0.00,25.53
f,17.48,21.05,12.62,46.81,25.53,0.00
