,a,b,c,d,e,f
a,0.00,16.17,34.13,38.52,38.52,38.52
b,16.17,0.00,32.99,22.51,29.89,29.89
c,34.13,32.99,0.00,40.96,44.65,44.65
d,38.52,22.51,40.96,0.00,18.82,18.82
e,38.52,29.89,44.65,18.82,0.00,7.75
f,38.52,29.89,44.65,18.82,7.75,0.00
