,a,b,c,d,e,f
a,0.00,23.37,34.87,15.71,15.71,13.04
b,23.37,0.00,31.03,19.54,19.54,22.71
c,34.87,31.03,0.00,27.08,34.87,42.03
d,15.71,19.54,27.08,0.00,19.54,22.71
e,15.71,19.54,34.87,19.54,0.00,13.04
f,13.04,22.71,42.03,22.71,13.04,0.00
