,a,b,c,d,e,f
a,0.00,15.61,45.27,40.30,24.05,15.61
b,15.61,0.00,55.22,50.25,32.49,24.05
c,45.27,55.22,0.00,15.42,40.30,45.27
d,40.30,50.25,15.42,0.00,35.32,40.30
e,24.05,32.49,40.30,35.32,0.00,16.67
f,15.61,24.05,45.27,40.30,16.67,0.00
