,a,b,c,d,e,f
a,0.00,23.40,28.85,26.27,24.90,28.85
b,23.40,0.00,10.64,19.60,31.91,36.17
c,28.85,10.64,0.00,17.05,24.90,36.76
d,26.27,19.60,17.05,0.00,30.88,30.88
e,24.90,31.91,24.90,30.88,0.00,13.04
f,28.85,36.17,36.76,30.88,13.04,0.00
