,a,b,c,d,e,f
a,0.00,37.11,17.75,22.08,22.08,26.47
b,37.11,0.00,28.21,35.48,35.48,43.26
c,17.75,28.21,0.00,14.97,18.37,20.83
d,22.08,35.48,14.97,0.00,7.05,20.83
e,22.08,35.48,18.37,7.05,0.00,25.00
f,26.47,43.26,20.83,20.83,25.00,0.00
