,a,b,c,d,e,f
a,0.00,26.64,26.72,38.22,42.08,38.22
b,26.64,0.00,22.41,30.50,34.36,26.64
c,26.72,22.41,0.00,26.72,31.03,26.72
d,38.22,30.50,26.72,0.00,11.20,22.78
e,42.08,34.36,31.03,11.20,0.00,22.78
f,38.22,26.64,26.72,22.78,22.78,0.00
