,a,b,c,d,e,f
a,0.00,10.16,25.78,33.59,14.06,14.06
b,10.16,0.00,29.69,37.50,21.88,21.88
c,25.78,29.69,0.00,7.53,14.38,33.59
d,33.59,37.50,7.53,0.00,21.23,41.41
e,14.06,21.88,14.38,21.23,0.00,17.97
f,14.06,21.88,33.59,41.41,17.97,0.00
