,a,b,c,d,e,f
a,0.00,15.93,34.67,26.27,19.15,23.08
b,15.93,0.00,47.12,24.78,30.33,35.48
c,34.67,47.12,0.00,26.27,30.88,42.31
d,26.27,24.78,26.27,0.00,19.15,32.69
e,19.15,30.33,30.88,19.15,0.00,20.35
f,23.08,35.48,42.31,32.69,20.35,0.00
