,a,b,c,d,e,f
a,0.00,4.38,12.35,22.75,27.04,16.33
b,4.38,0.00,8.37,27.04,27.04,20.32
c,12.35,8.37,0.00,27.04,27.04,28.29
d,22.75,27.04,27.04,0.00,5.58,22.75
e,27.04,27.04,27.04,5.58,0.00,27.04
f,16.33,20.32,28.29,22.75,27.04,0.00
