,a,b,c,d,e,f
a,0.00,25.23,20.56,20.56,15.89,39.25
b,25.23,0.00,6.54,6.54,34.58,43.93
c,20.56,6.54,0.00,1.87,29.91,43.93
d,20.56,6.54,1.87,0.00,29.91,43.93
e,15.89,34.58,29.91,29.91,0.00,44.00
f,39.25,43.93,43.93,43.93,44.00,0.00
