,a,b,c,d,e,f
a,0.00,39.89,34.43,45.36,34.78,34.43
b,39.89,0.00,28.96,56.28,42.03,39.89
c,34.43,28.96,0.00,50.82,34.78,28.96
d,45.36,56.28,50.82,0.00,27.54,28.96
e,34.78,42.03,34.78,27.54,0.00,20.29
f,34.43,39.89,28.96,28.96,20.29,0.00
