,a,b,c,d,e,f
a,0.00,13.64,28.91,54.29,60.00,71.43
b,13.64,0.00,19.43,48.57,60.00,71.43
c,28.91,19.43,0.00,48.57,60.00,71.43
d,54.29,48.57,48.57,0.00,14.69,24.17
e,60.00,60.00,60.00,14.69,0.00,14.69
f,71.43,71.43,71.43,24.17,14.69,0.00
