,a,b,c,d,e,f
a,0.00,27.13,20.75,23.08,32.64,35.64
b,27.13,0.00,11.66,16.98,32.64,34.78
c,20.75,11.66,0.00,8.13,27.46,30.69
d,23.08,16.98,8.13,0.00,27.46,30.69
e,32.64,32.64,27.46,27.46,0.00,18.48
f,35.64,34.78,30.69,30.69,18.48,0.00
