,a,b,c,d,e,f
a,0.00,38.02,23.08,19.23,19.23,14.16
b,38.02,0.00,18.22,33.88,33.88,37.50
c,23.08,18.22,0.00,15.38,15.38,27.04
d,19.23,33.88,15.38,0.00,11.54,22.75
e,19.23,33.88,15.38,11.54,0.00,22.75
f,14.16,37.50,27.04,22.75,22.75,0.00
