,a,b,c,d,e,f
a,0.00,27.04,31.33,44.21,27.04,28.57
b,27.04,0.00,23.08,35.62,26.92,28.29
c,31.33,23.08,0.00,18.45,38.46,36.25
d,44.21,35.62,18.45,0.00,48.50,46.43
e,27.04,26.92,38.46,48.50,0.00,19.23
f,28.57,28.29,36.25,46.43,19.23,0.00
