,a,b,c,d,e,f
a,0.00,28.23,33.01,37.80,39.16,42.97
b,28.23,0.00,15.25,15.25,33.01,37.80
c,33.01,15.25,0.00,23.73,37.80,42.58
d,37.80,15.25,23.73,0.00,28.23,42.58
e,39.16,33.01,37.80,28.23,0.00,33.82
f,42.97,37.80,42.58,42.58,33.82,0.00
