,a,b,c,d,e,f
a,0.00,34.62,34.62,52.13,49.24,30.77
b,34.62,0.00,11.54,57.45,49.24,34.62
c,34.62,11.54,0.00,46.81,44.16,26.92
d,52.13,57.45,46.81,0.00,34.01,36.17
e,49.24,49.24,44.16,34.01,0.00,28.93
f,30.77,34.62,26.92,36.17,28.93,0.00
