,a,b,c,d,e,f
a,0.00,23.86,20.32,16.33,24.30,24.30
b,23.86,0.00,8.63,39.09,39.09,39.09
c,20.32,8.63,0.00,28.29,28.29,36.25
d,16.33,39.09,28.29,0.00,8.37,8.37
e,24.30,39.09,28.29,8.37,0.00,16.33
f,24.30,39.09,36.25,8.37,16.33,0.00
