,a,b,c,d,e,f
a,0.00,14.40,27.42,27.42,27.42,17.39
b,14.40,0.00,33.85,33.85,33.85,24.69
c,27.42,33.85,0.00,18.29,22.18,20.50
d,27.42,33.85,18.29,0.00,22.18,20.50
e,27.42,33.85,22.18,22.18,0.00,20.50
f,17.39,24.69,20.50,20.50,20.50,0.00
