,a,b,c,d,e,f
a,0.00,14.57,24.62,14.57,44.72,34.67
b,14.57,0.00,28.57,12.21,42.75,35.11
c,24.62,28.57,0.00,27.48,46.56,38.93
d,14.57,12.21,27.48,0.00,35.11,27.48
e,44.72,42.75,46.56,35.11,0.00,12.21
f,34.67,35.11,38.93,27.48,12.21,0.00
