,a,b,c,d,e,f
a,0.00,17.60,37.50,59.35,36.33,28.84
b,17.60,0.00,33.33,51.22,28.84,17.60
c,37.50,33.33,0.00,56.14,33.33,37.50
d,59.35,51.22,56.14,0.00,30.82,43.09
e,36.33,28.84,33.33,30.82,0.00,25.09
f,28.84,17.60,37.50,43.09,25.09,0.00
