,a,b,c,d,e,f
a,0.00,15.97,25.74,25.74,20.75,28.57
b,15.97,0.00,27.71,27.71,21.40,30.69
c,25.74,27.71,0.00,10.16,17.97,23.08
d,25.74,27.71,10.16,0.00,17.97,23.08
e,20.75,21.40,17.97,17.97,0.00,10.96
f,28.57,30.69,23.08,23.08,10.96,0.00
