,a,b,c,d,e,f
a,0.00,18.29,28.87,18.29,18.29,18.29
b,18.29,0.00,28.87,26.07,26.07,26.07
c,28.87,28.87,0.00,12.13,16.32,20.50
d,18.29,26.07,12.13,0.00,10.51,10.51
e,18.29,26.07,16.32,10.51,0.00,10.51
f,18.29,26.07,20.50,10.51,10.51,0.00
