,a,b,c,d,e,f
a,0.00,42.15,33.88,39.09,29.75,33.04
b,42.15,0.00,38.02,39.09,33.88,37.50
c,33.88,38.02,0.00,28.57,18.22,20.32
d,39.09,39.09,28.57,0.00,21.49,20.93
e,29.75,33.88,18.22,21.49,0.00,8.37
f,33.04,37.50,20.32,20.93,8.37,0.00
