,a,b,c,d,e,f
a,0.00,5.30,16.67,24.24,39.02,39.02
b,5.30,0.00,16.67,24.24,39.02,39.02
c,16.67,16.67,0.00,20.45,34.96,34.96
d,24.24,24.24,20.45,0.00,25.49,25.49
e,39.02,39.02,34.96,25.49,0.00,5.88
f,39.02,39.02,34.96,25.49,5.88,0.00
