,a,b,c,d,e,f
a,0.00,16.30,5.51,29.13,17.32,13.39
b,16.30,0.00,20.70,47.14,33.92,29.52
c,5.51,20.70,0.00,33.07,21.26,13.39
d,29.13,47.14,33.07,0.00,13.39,33.07
e,17.32,33.92,21.26,13.39,0.00,21.26
f,13.39,29.52,13.39,33.07,21.26,0.00
