,a,b,c,d,e,f
a,0.00,31.25,25.00,20.00,16.00,8.00
b,31.25,0.00,12.50,25.00,25.00,25.00
c,25.00,12.50,0.00,18.75,18.75,18.75
d,20.00,25.00,18.75,0.00,12.00,16.00
e,16.00,25.00,18.75,12.00,0.00,12.00
f,8.00,25.00,18.75,16.00,12.00,0.00
