,a,b,c,d,e,f
a,0.00,15.32,21.74,16.32,22.18,22.18
b,15.32,0.00,9.09,8.70,23.39,23.39
c,21.74,9.09,0.00,10.38,30.43,30.43
d,16.32,8.70,10.38,0.00,24.69,24.69
e,22.18,23.39,30.43,24.69,0.00,10.51
f,22.18,23.39,30.43,24.69,10.51,0.00
