,a,b,c,d,e,f
a,0.00,17.00,18.27,20.95,28.85,19.60
b,17.00,0.00,3.85,36.76,44.66,34.67
c,18.27,3.85,0.00,27.88,42.31,30.23
d,20.95,36.76,27.88,0.00,17.00,14.57
e,28.85,44.66,42.31,17.00,0.00,19.60
f,19.60,34.67,30.23,14.57,19.60,0.00
