,a,b,c,d,e,f
a,0.00,17.97,28.57,28.57,24.17,29.69
b,17.97,0.00,30.13,30.13,24.17,27.13
c,28.57,30.13,0.00,16.98,19.43,32.08
d,28.57,30.13,16.98,0.00,28.91,32.08
e,24.17,24.17,19.43,28.91,0.00,24.37
f,29.69,27.13,32.08,32.08,24.37,0.00
