,a,b,c,d,e,f
a,0.00,13.98,11.11,18.52,25.93,8.73
b,13.98,0.00,20.63,28.57,36.51,18.80
c,11.11,20.63,0.00,20.14,23.61,9.47
d,18.52,28.57,20.14,0.00,20.14,21.81
e,25.93,36.51,23.61,20.14,0.00,25.93
f,8.73,18.80,9.47,21.81,25.93,0.00
