,a,b,c,d,e,f
a,0.00,26.32,47.37,36.84,57.89,47.37
b,26.32,0.00,57.89,47.37,57.89,57.89
c,47.37,57.89,0.00,15.79,42.11,31.58
d,36.84,47.37,15.79,0.00,36.84,26.32
e,57.89,57.89,42.11,36.84,0.00,11.50
f,47.37,57.89,31.58,26.32,11.50,0.00
