,a,b,c,d,e,f
a,0.00,4.38,4.38,8.37,12.35,4.38
b,4.38,0.00,8.37,12.35,16.33,8.37
c,4.38,8.37,0.00,12.35,16.33,8.37
d,8.37,12.35,12.35,0.00,4.38,4.38
e,12.35,16.33,16.33,4.38,0.00,8.37
f,4.38,8.37,8.37,4.38,8.37,0.00
