,a,b,c,d,e,f
a,0.00,31.22,42.03,34.34,42.03,46.86
b,31.22,0.00,28.57,25.93,32.54,36.51
c,42.03,28.57,0.00,11.76,25.93,29.63
d,34.34,25.93,11.76,0.00,23.37,27.20
e,42.03,32.54,25.93,23.37,0.00,22.22
f,46.86,36.51,29.63,27.20,22.22,0.00
