,a,b,c,d,e,f
a,0.00,7.95,22.68,27.84,17.39,33.96
b,7.95,0.00,19.81,29.25,24.69,41.18
c,22.68,19.81,0.00,33.96,32.99,43.18
d,27.84,29.25,33.96,0.00,32.99,54.55
e,17.39,24.69,32.99,32.99,0.00,22.18
f,33.96,41.18,43.18,54.55,22.18,0.00
