,a,b,c,d,e,f
a,0.00,12.28,21.35,35.74,41.18,36.27
b,12.28,0.00,13.86,31.73,36.27,31.37
c,21.35,13.86,0.00,24.09,41.18,36.27
d,35.74,31.73,24.09,0.00,56.99,51.61
e,41.18,36.27,41.18,56.99,0.00,20.83
f,36.27,31.37,36.27,51.61,20.83,0.00
