,a,b,c,d,e,f
a,0.00,17.70,12.70,24.44,22.22,22.22
b,17.70,0.00,13.58,21.30,18.13,18.13
c,12.70,13.58,0.00,20.00,11.11,11.11
d,24.44,21.30,20.00,0.00,21.57,34.64
e,22.22,18.13,11.11,21.57,0.00,16.67
f,22.22,18.13,11.11,34.64,16.67,0.00
