,a,b,c,d,e,f
a,0.00,14.80,19.28,35.48,23.47,19.28
b,14.80,0.00,12.00,33.77,23.77,20.00
c,19.28,12.00,0.00,27.15,23.77,20.00
d,35.48,33.77,27.15,0.00,27.42,27.15
e,23.47,23.77,23.77,27.42,0.00,5.83
f,19.28,20.00,20.00,27.15,5.83,0.00
