,a,b,c,d,e,f
a,0.00,45.74,37.98,34.11,33.33,43.78
b,45.74,0.00,34.11,30.23,25.00,27.71
c,37.98,34.11,0.00,17.60,23.69,30.23
d,34.11,30.23,17.60,0.00,19.68,26.36
e,33.33,25.00,23.69,19.68,0.00,7.59
f,43.78,27.71,30.23,26.36,7.59,0.00
