,a,b,c,d,e,f
a,0.00,17.60,11.65,25.09,36.33,43.82
b,17.60,0.00,23.69,36.33,47.57,55.06
c,11.65,23.69,0.00,15.66,31.73,39.76
d,25.09,36.33,15.66,0.00,40.07,43.82
e,36.33,47.57,31.73,40.07,0.00,21.35
f,43.82,55.06,39.76,43.82,21.35,0.00
