,a,b,c,d,e,f
a,0.00,17.89,22.30,33.09,44.21,36.80
b,17.89,0.00,22.30,29.37,39.91,33.09
c,22.30,22.30,0.00,21.69,39.91,36.80
d,33.09,29.37,21.69,0.00,44.21,42.31
e,44.21,39.91,39.91,44.21,0.00,36.80
f,36.80,33.09,36.80,42.31,36.80,0.00
