,a,b,c,d,e,f
a,0.00,13.42,9.91,14.41,23.08,28.21
b,13.42,0.00,12.50,8.33,15.49,20.19
c,9.91,12.50,0.00,12.50,20.19,24.88
d,14.41,8.33,12.50,0.00,15.49,20.19
e,23.08,15.49,20.19,15.49,0.00,11.65
f,28.21,20.19,24.88,20.19,11.65,0.00
