,a,b,c,d,e,f
a,0.00,9.80,32.49,30.89,21.05,21.05
b,9.80,0.00,28.27,22.76,16.67,16.67
c,32.49,28.27,0.00,24.05,28.57,23.81
d,30.89,22.76,24.05,0.00,31.51,31.51
e,21.05,16.67,28.57,31.51,0.00,12.28
f,21.05,16.67,23.81,31.51,12.28,0.00
