,a,b,c,d,e,f
a,0.00,13.36,18.10,31.03,39.66,35.34
b,13.36,0.00,11.20,26.64,42.08,34.36
c,18.10,11.20,0.00,17.91,42.08,34.36
d,31.03,26.64,17.91,0.00,49.81,49.81
e,39.66,42.08,42.08,49.81,0.00,15.06
f,35.34,34.36,34.36,49.81,15.06,0.00
