,a,b,c,d,e,f
a,0.00,20.25,35.58,26.38,35.36,31.56
b,20.25,0.00,26.38,7.98,20.15,16.35
c,35.58,26.38,0.00,27.22,39.16,35.36
d,26.38,7.98,27.22,0.00,23.95,20.15
e,35.36,20.15,39.16,23.95,0.00,8.75
f,31.56,16.35,35.36,20.15,8.75,0.00
