,a,b,c,d,e,f
a,0.00,20.73,35.48,41.94,54.84,53.12
b,20.73,0.00,29.03,35.48,48.39,53.12
c,35.48,29.03,0.00,25.27,38.33,45.00
d,41.94,35.48,25.27,0.00,33.92,45.00
e,54.84,48.39,38.33,33.92,0.00,17.43
f,53.12,53.12,45.00,45.00,17.43,0.00
