,a,b,c,d,e,f
a,0.00,11.39,15.13,22.51,36.17,32.81
b,11.39,0.00,17.86,21.43,34.43,35.11
c,15.13,17.86,0.00,21.43,39.70,40.09
d,22.51,21.43,21.43,0.00,49.75,53.92
e,36.17,34.43,39.70,49.75,0.00,32.81
f,32.81,35.11,40.09,53.92,32.81,0.00
