,a,b,c,d,e,f
a,0.00,16.67,25.53,32.62,33.33,37.25
b,16.67,0.00,22.76,30.89,26.94,36.07
c,25.53,22.76,0.00,7.80,17.65,25.49
d,32.62,30.89,7.80,0.00,25.49,33.33
e,33.33,26.94,17.65,25.49,0.00,9.80
f,37.25,36.07,25.49,33.33,9.80,0.00
