,a,b,c,d,e,f
a,0.00,18.66,10.99,10.99,47.14,42.41
b,18.66,0.00,19.08,19.08,50.00,51.22
c,10.99,19.08,0.00,5.00,28.57,32.93
d,10.99,19.08,5.00,0.00,28.57,32.93
e,47.14,50.00,28.57,28.57,0.00,5.00
f,42.41,51.22,32.93,32.93,5.00,0.00
