,a,b,c,d,e,f
a,0.00,25.93,22.22,29.63,22.22,25.93
b,25.93,0.00,25.93,29.63,25.93,29.63
c,22.22,25.93,0.00,25.93,14.81,18.52
d,29.63,29.63,25.93,0.00,25.93,29.63
e,22.22,25.93,14.81,25.93,0.00,18.52
f,25.93,29.63,18.52,29.63,18.52,0.00
