,a,b,c,d,e,f
a,0.00,12.55,20.15,20.15,20.15,25.11
b,12.55,0.00,27.76,27.76,27.76,29.52
c,20.15,27.76,0.00,5.84,27.76,38.33
d,20.15,27.76,5.84,0.00,27.76,38.33
e,20.15,27.76,27.76,27.76,0.00,19.12
f,25.11,29.52,38.33,38.33,19.12,0.00
