,a,b,c,d,e,f
a,0.00,4.56,18.10,10.31,30.48,13.27
b,4.56,0.00,18.10,10.31,30.48,13.27
c,18.10,18.10,0.00,12.00,38.78,26.83
d,10.31,10.31,12.00,0.00,28.57,17.07
e,30.48,30.48,38.78,28.57,0.00,23.47
f,13.27,13.27,26.83,17.07,23.47,0.00
