,a,b,c,d,e,f
a,0.00,13.86,21.35,32.58,30.23,30.23
b,13.86,0.00,28.84,40.07,37.98,37.98
c,21.35,28.84,0.00,19.87,37.98,37.98
d,32.58,40.07,19.87,0.00,49.61,49.61
e,30.23,37.98,37.98,49.61,0.00,5.80
f,30.23,37.98,37.98,49.61,5.80,0.00
