,a,b,c,d,e,f
a,0.00,6.54,18.37,9.09,15.89,11.21
b,6.54,0.00,13.27,9.09,11.21,6.54
c,18.37,13.27,0.00,23.08,23.47,18.37
d,9.09,9.09,23.08,0.00,19.79,9.09
e,15.89,11.21,23.47,19.79,0.00,16.00
f,11.21,6.54,18.37,9.09,16.00,0.00
