,a,b,c,d,e,f
a,0.00,9.09,17.00,20.95,28.18,28.18
b,9.09,0.00,20.95,24.90,28.18,28.18
c,17.00,20.95,0.00,13.04,28.18,22.65
d,20.95,24.90,13.04,0.00,22.65,17.13
e,28.18,28.18,28.18,22.65,0.00,15.79
f,28.18,28.18,22.65,17.13,15.79,0.00
