,a,b,c,d,e,f
a,0.00,6.61,18.29,15.32,18.29,26.07
b,6.61,0.00,22.18,19.35,22.18,29.96
c,18.29,22.18,0.00,3.23,10.51,18.29
d,15.32,19.35,3.23,0.00,7.26,15.32
e,18.29,22.18,10.51,7.26,0.00,9.38
f,26.07,29.96,18.29,15.32,9.38,0.00
