,a,b,c,d,e,f
a,0.00,18.37,22.45,18.37,28.23,30.61
b,18.37,0.00,22.45,18.37,33.01,30.61
c,22.45,22.45,0.00,5.51,17.43,17.32
d,18.37,18.37,5.51,0.00,12.84,13.39
e,28.23,33.01,17.43,12.84,0.00,3.67
f,30.61,30.61,17.32,13.39,3.67,0.00
