,a,b,c,d,e,f
a,0.00,20.00,28.57,14.80,24.00,20.00
b,20.00,0.00,23.47,10.31,32.00,24.00
c,28.57,23.47,0.00,13.27,38.78,23.47
d,14.80,10.31,13.27,0.00,28.25,19.28
e,24.00,32.00,38.78,28.25,0.00,16.00
f,20.00,24.00,23.47,19.28,16.00,0.00
