,a,b,c,d,e,f
a,0.00,13.04,40.07,36.33,28.84,35.74
b,13.04,0.00,40.07,36.33,32.58,39.76
c,40.07,40.07,0.00,10.11,28.84,35.74
d,36.33,36.33,10.11,0.00,25.09,31.73
e,28.84,32.58,28.84,25.09,0.00,13.46
f,35.74,39.76,35.74,31.73,13.46,0.00
