,a,b,c,d,e,f
a,0.00,18.52,25.93,29.63,39.39,49.49
b,18.52,0.00,22.56,19.19,24.44,33.33
c,25.93,22.56,0.00,22.56,37.78,42.22
d,29.63,19.19,22.56,0.00,33.33,33.33
e,39.39,24.44,37.78,33.33,0.00,24.44
f,49.49,33.33,42.22,33.33,24.44,0.00
