,a,b,c,d,e,f
a,0.00,21.05,34.96,22.76,26.94,29.82
b,21.05,0.00,26.83,14.63,17.81,25.44
c,34.96,26.83,0.00,24.53,32.49,43.09
d,22.76,14.63,24.53,0.00,19.83,30.89
e,26.94,17.81,32.49,19.83,0.00,21.05
f,29.82,25.44,43.09,30.89,21.05,0.00
