,a,b,c,d,e,f
a,0.00,38.93,35.11,38.93,27.48,46.90
b,38.93,0.00,35.11,38.93,42.75,51.33
c,35.11,35.11,0.00,10.71,31.30,51.33
d,38.93,38.93,10.71,0.00,35.11,55.75
e,27.48,42.75,31.30,35.11,0.00,40.43
f,46.90,51.33,51.33,55.75,40.43,0.00
