,a,b,c,d,e,f
a,0.00,18.37,20.73,19.08,18.37,18.37
b,18.37,0.00,39.02,36.42,30.61,30.61
c,20.73,39.02,0.00,16.23,26.83,26.83
d,19.08,36.42,16.23,0.00,24.86,24.86
e,18.37,30.61,26.83,24.86,0.00,4.91
f,18.37,30.61,26.83,24.86,4.91,0.00
