,a,b,c,d,e,f
a,0.00,17.36,15.18,8.37,14.16,12.35
b,17.36,0.00,24.11,17.36,19.64,21.49
c,15.18,24.11,0.00,6.25,12.62,10.71
d,8.37,17.36,6.25,0.00,5.58,4.38
e,14.16,19.64,12.62,5.58,0.00,9.87
f,12.35,21.49,10.71,4.38,9.87,0.00
