,a,b,c,d,e,f
a,0.00,28.85,19.15,19.15,32.69,32.81
b,28.85,0.00,23.40,23.40,32.69,28.85
c,19.15,23.40,0.00,2.13,23.08,23.40
d,19.15,23.40,2.13,0.00,23.08,23.40
e,32.69,32.69,23.08,23.08,0.00,8.65
f,32.81,28.85,23.40,23.40,8.65,0.00
