,a,b,c,d,e,f
a,0.00,28.85,35.11,27.48,35.11,35.11
b,28.85,0.00,36.76,28.85,40.71,40.71
c,35.11,36.76,0.00,12.21,27.48,31.30
d,27.48,28.85,12.21,0.00,19.85,23.66
e,35.11,40.71,27.48,19.85,0.00,8.40
f,35.11,40.71,31.30,23.66,8.40,0.00
