,a,b,c,d,e,f
a,0.00,14.53,46.86,30.56,31.22,22.71
b,14.53,0.00,31.03,22.22,30.56,23.08
c,46.86,31.03,0.00,24.73,56.52,46.67
d,30.56,22.22,24.73,0.00,30.56,31.62
e,31.22,30.56,56.52,30.56,0.00,8.73
f,22.71,23.08,46.67,31.62,8.73,0.00
