,a,b,c,d,e,f
a,0.00,9.77,40.48,31.55,46.81,46.81
b,9.77,0.00,34.52,25.60,39.72,39.72
c,40.48,34.52,0.00,24.73,46.81,46.81
d,31.55,25.60,24.73,0.00,36.17,36.17
e,46.81,39.72,46.81,36.17,0.00,18.24
f,46.81,39.72,46.81,36.17,18.24,0.00
