,a,b,c,d,e,f
a,0.00,15.42,13.73,9.80,17.65,25.49
b,15.42,0.00,20.40,25.37,25.37,35.32
c,13.73,20.40,0.00,21.57,17.65,25.49
d,9.80,25.37,21.57,0.00,25.49,33.33
e,17.65,25.37,17.65,25.49,0.00,13.73
f,25.49,35.32,25.49,33.33,13.73,0.00
