,a,b,c,d,e,f
a,0.00,5.14,14.89,5.14,24.78,29.20
b,5.14,0.00,19.15,9.09,29.20,33.63
c,14.89,19.15,0.00,10.64,27.88,37.50
d,5.14,9.09,10.64,0.00,24.78,29.20
e,24.78,29.20,27.88,24.78,0.00,20.35
f,29.20,33.63,37.50,29.20,20.35,0.00
