,a,b,c,d,e,f
a,0.00,26.27,50.28,41.56,40.09,40.09
b,26.27,0.00,55.75,44.75,44.66,38.93
c,50.28,55.75,0.00,33.70,44.70,42.48
d,41.56,44.75,33.70,0.00,36.05,33.70
e,40.09,44.66,44.70,36.05,0.00,32.81
f,40.09,38.93,42.48,33.70,32.81,0.00
