,a,b,c,d,e,f
a,0.00,9.43,9.95,11.76,16.98,25.78
b,9.43,0.00,14.69,15.97,20.75,29.69
c,9.95,14.69,0.00,10.93,19.43,28.91
d,11.76,15.97,10.93,0.00,24.37,25.76
e,16.98,20.75,19.43,24.37,0.00,21.88
f,25.78,29.69,28.91,25.76,21.88,0.00
