,a,b,c,d,e,f
a,0.00,9.09,18.70,22.76,42.86,42.86
b,9.09,0.00,22.76,26.83,47.62,47.62
c,18.70,22.76,0.00,10.57,40.30,40.30
d,22.76,26.83,10.57,0.00,45.27,45.27
e,42.86,47.62,40.30,45.27,0.00,7.89
f,42.86,47.62,40.30,45.27,7.89,0.00
