,a,b,c,d,e,f
a,0.00,4.17,20.83,35.06,16.67,29.17
b,4.17,0.00,18.60,31.73,14.73,26.36
c,20.83,18.60,0.00,18.37,30.23,37.98
d,35.06,31.73,18.37,0.00,39.76,39.76
e,16.67,14.73,30.23,39.76,0.00,22.48
f,29.17,26.36,37.98,39.76,22.48,0.00
