,a,b,c,d,e,f
a,0.00,15.72,26.47,22.87,40.30,36.57
b,15.72,0.00,20.59,17.55,36.57,32.84
c,26.47,20.59,0.00,25.42,50.67,46.19
d,22.87,17.55,25.42,0.00,33.61,29.46
e,40.30,36.57,50.67,33.61,0.00,15.25
f,36.57,32.84,46.19,29.46,15.25,0.00
