,a,b,c,d,e,f
a,0.00,9.09,9.09,13.64,31.43,29.35
b,9.09,0.00,14.06,17.97,34.78,32.64
c,9.09,14.06,0.00,10.16,29.35,32.64
d,13.64,17.97,10.16,0.00,34.78,37.82
e,31.43,34.78,29.35,34.78,0.00,33.73
f,29.35,32.64,32.64,37.82,33.73,0.00
