,a,b,c,d,e,f
a,0.00,17.60,37.98,28.84,28.84,51.31
b,17.60,0.00,34.11,25.09,28.84,47.57
c,37.98,34.11,0.00,26.36,41.86,53.49
d,28.84,25.09,26.36,0.00,40.07,58.80
e,28.84,28.84,41.86,40.07,0.00,30.30
f,51.31,47.57,53.49,58.80,30.30,0.00
