,a,b,c,d,e,f
a,0.00,17.81,22.37,8.68,20.45,16.67
b,17.81,0.00,42.53,25.29,36.07,31.51
c,22.37,42.53,0.00,21.05,36.07,31.51
d,8.68,25.29,21.05,0.00,26.94,22.37
e,20.45,36.07,36.07,26.94,0.00,12.62
f,16.67,31.51,31.51,22.37,12.62,0.00
