,a,b,c,d,e,f
a,0.00,14.40,15.09,15.09,24.69,41.18
b,14.40,0.00,19.81,19.81,22.18,37.24
c,15.09,19.81,0.00,5.66,32.99,43.30
d,15.09,19.81,5.66,0.00,32.99,43.30
e,24.69,22.18,32.99,32.99,0.00,20.50
f,41.18,37.24,43.30,43.30,20.50,0.00
