,a,b,c,d,e,f
a,0.00,7.41,20.63,10.05,19.19,16.67
b,7.41,0.00,20.63,10.05,24.24,21.30
c,20.63,20.63,0.00,17.70,24.24,28.89
d,10.05,10.05,17.70,0.00,19.19,24.44
e,19.19,24.24,24.24,19.19,0.00,15.56
f,16.67,21.30,28.89,24.44,15.56,0.00
