,a,b,c,d,e,f
a,0.00,9.66,20.79,19.30,27.71,35.74
b,9.66,0.00,31.16,26.36,36.94,45.95
c,20.79,31.16,0.00,8.16,18.60,30.23
d,19.30,26.36,8.16,0.00,20.83,33.33
e,27.71,36.94,18.60,20.83,0.00,26.36
f,35.74,45.95,30.23,33.33,26.36,0.00
