,a,b,c,d,e,f
a,0.00,23.66,16.03,16.03,40.43,31.30
b,23.66,0.00,23.66,19.85,36.17,23.66
c,16.03,23.66,0.00,8.40,40.43,31.30
d,16.03,19.85,8.40,0.00,36.17,27.48
e,40.43,36.17,40.43,36.17,0.00,31.91
f,31.30,23.66,31.30,27.48,31.91,0.00
