,a,b,c,d,e,f
a,0.00,22.13,31.91,38.52,26.23,22.13
b,22.13,0.00,10.64,18.03,5.74,1.64
c,31.91,10.64,0.00,18.03,13.93,9.84
d,38.52,18.03,18.03,0.00,20.95,17.00
e,26.23,5.74,13.93,20.95,0.00,5.14
f,22.13,1.64,9.84,17.00,5.14,0.00
