,a,b,c,d,e,f
a,0.00,13.64,30.77,18.18,13.64,22.73
b,13.64,0.00,38.46,18.18,13.64,22.73
c,30.77,38.46,0.00,18.92,32.43,39.19
d,18.18,18.18,18.92,0.00,17.97,25.78
e,13.64,13.64,32.43,17.97,0.00,17.97
f,22.73,22.73,39.19,25.78,17.97,0.00
