,a,b,c,d,e,f
a,0.00,14.81,9.47,13.58,16.67,12.70
b,14.81,0.00,17.70,21.81,28.57,24.60
c,9.47,17.70,0.00,5.35,17.70,13.58
d,13.58,21.81,5.35,0.00,21.81,17.70
e,16.67,28.57,17.70,21.81,0.00,4.76
f,12.70,24.60,13.58,17.70,4.76,0.00
