,a,b,c,d,e,f
a,0.00,30.04,20.00,28.89,33.33,44.44
b,30.04,0.00,35.90,27.35,36.51,41.52
c,20.00,35.90,0.00,18.80,29.82,34.64
d,28.89,27.35,18.80,0.00,23.98,28.10
e,33.33,36.51,29.82,23.98,0.00,12.28
f,44.44,41.52,34.64,28.10,12.28,0.00
