,a,b,c,d,e,f
a,0.00,20.42,42.75,31.30,24.90,27.48
b,20.42,0.00,27.48,16.03,17.00,19.85
c,42.75,27.48,0.00,19.85,28.85,31.30
d,31.30,16.03,19.85,0.00,20.95,19.85
e,24.90,17.00,28.85,20.95,0.00,7.75
f,27.48,19.85,31.30,19.85,7.75,0.00
