,a,b,c,d,e,f
a,0.00,17.58,28.23,28.23,35.00,30.00
b,17.58,0.00,28.57,28.57,36.42,30.64
c,28.23,28.57,0.00,13.88,30.00,25.00
d,28.23,28.57,13.88,0.00,30.00,25.00
e,35.00,36.42,30.00,30.00,0.00,6.12
f,30.00,30.64,25.00,25.00,6.12,0.00
