,a,b,c,d,e,f
a,0.00,14.89,20.21,25.53,14.89,14.89
b,14.89,0.00,30.85,30.85,25.53,25.53
c,20.21,30.85,0.00,13.22,20.32,20.32
d,25.53,30.85,13.22,0.00,29.75,29.75
e,14.89,25.53,20.32,29.75,0.00,0.40
f,14.89,25.53,20.32,29.75,0.40,0.00
