,a,b,c,d,e,f
a,0.00,6.40,29.73,38.93,13.51,13.51
b,6.40,0.00,20.50,24.32,7.95,12.13
c,29.73,20.50,0.00,8.11,18.55,23.08
d,38.93,24.32,8.11,0.00,20.45,26.14
e,13.51,7.95,18.55,20.45,0.00,6.61
f,13.51,12.13,23.08,26.14,6.61,0.00
