,a,b,c,d,e,f
a,0.00,2.72,26.07,6.61,22.18,26.07
b,2.72,0.00,26.07,6.61,22.18,26.07
c,26.07,26.07,0.00,22.18,33.85,37.74
d,6.61,6.61,22.18,0.00,18.29,22.18
e,22.18,22.18,33.85,18.29,0.00,6.61
f,26.07,26.07,37.74,22.18,6.61,0.00
