,a,b,c,d,e,f
a,0.00,35.34,34.58,14.44,46.75,52.66
b,35.34,0.00,30.48,32.58,43.66,50.70
c,34.58,30.48,0.00,19.79,40.83,46.75
d,14.44,32.58,19.79,0.00,40.40,47.02
e,46.75,43.66,40.83,40.40,0.00,20.56
f,52.66,50.70,46.75,47.02,20.56,0.00
