,a,b,c,d,e,f
a,0.00,14.29,38.10,33.33,33.33,28.57
b,14.29,0.00,38.10,33.33,33.33,28.57
c,38.10,38.10,0.00,9.52,28.57,23.81
d,33.33,33.33,9.52,0.00,23.81,19.05
e,33.33,33.33,28.57,23.81,0.00,17.65
f,28.57,28.57,23.81,19.05,17.65,0.00
