,a,b,c,d,e,f
a,0.00,17.58,23.08,34.07,37.80,37.80
b,17.58,0.00,34.31,48.91,32.93,39.02
c,23.08,34.31,0.00,29.52,29.52,29.52
d,34.07,48.91,29.52,0.00,29.52,29.52
e,37.80,32.93,29.52,29.52,0.00,21.26
f,37.80,39.02,29.52,29.52,21.26,0.00
