,a,b,c,d,e,f
a,0.00,9.87,22.33,27.18,23.86,21.79
b,9.87,0.00,14.50,18.22,11.54,13.22
c,22.33,14.50,0.00,7.06,23.08,25.62
d,27.18,18.22,7.06,0.00,26.92,29.75
e,23.86,11.54,23.08,26.92,0.00,13.22
f,21.79,13.22,25.62,29.75,13.22,0.00
