,a,b,c,d,e,f
a,0.00,11.54,15.38,19.23,27.37,30.77
b,11.54,0.00,23.08,26.92,27.37,34.62
c,15.38,23.08,0.00,15.38,38.55,38.46
d,19.23,26.92,15.38,0.00,38.55,42.31
e,27.37,27.37,38.55,38.55,0.00,38.55
f,30.77,34.62,38.46,42.31,38.55,0.00
