,a,b,c,d,e,f
a,0.00,12.50,25.00,28.12,22.18,22.18
b,12.50,0.00,25.00,21.88,22.18,22.18
c,25.00,25.00,0.00,6.25,33.85,33.85
d,28.12,21.88,6.25,0.00,29.96,29.96
e,22.18,22.18,33.85,29.96,0.00,10.51
f,22.18,22.18,33.85,29.96,10.51,0.00
