,a,b,c,d,e,f
a,0.00,25.00,29.03,29.52,35.78,33.92
b,25.00,0.00,34.07,31.19,40.37,35.78
c,29.03,34.07,0.00,10.99,31.94,21.47
d,29.52,31.19,10.99,0.00,25.20,12.55
e,35.78,40.37,31.94,25.20,0.00,17.32
f,33.92,35.78,21.47,12.55,17.32,0.00
