,a,b,c,d,e,f
a,0.00,2.44,24.81,32.33,33.67,43.88
b,2.44,0.00,24.81,32.33,25.13,35.83
c,24.81,24.81,0.00,32.33,47.37,54.89
d,32.33,32.33,32.33,0.00,54.89,62.41
e,33.67,25.13,47.37,54.89,0.00,20.56
f,43.88,35.83,54.89,62.41,20.56,0.00
