,a,b,c,d,e,f
a,0.00,16.00,21.16,29.91,16.00,16.00
b,16.00,0.00,21.16,29.91,16.00,16.00
c,21.16,21.16,0.00,17.07,4.56,4.56
d,29.91,29.91,17.07,0.00,15.89,15.89
e,16.00,16.00,4.56,15.89,0.00,0.00
f,16.00,16.00,4.56,15.89,0.00,0.00
