,a,b,c,d,e,f
a,0.00,13.46,44.75,52.76,61.04,70.59
b,13.46,0.00,44.75,52.76,61.04,70.59
c,44.75,44.75,0.00,14.89,26.23,38.05
d,52.76,52.76,14.89,0.00,19.60,36.05
e,61.04,61.04,26.23,19.60,0.00,21.66
f,70.59,70.59,38.05,36.05,21.66,0.00
