,a,b,c,d,e,f
a,0.00,8.73,16.67,8.73,16.67,30.04
b,8.73,0.00,16.67,8.73,16.67,21.81
c,16.67,16.67,0.00,12.04,30.56,37.20
d,8.73,8.73,12.04,0.00,16.67,21.81
e,16.67,16.67,30.56,16.67,0.00,21.81
f,30.04,21.81,37.20,21.81,21.81,0.00
