,a,b,c,d,e,f
a,0.00,20.00,25.49,29.41,33.33,33.33
b,20.00,0.00,25.49,33.33,33.33,33.33
c,25.49,25.49,0.00,9.80,9.80,9.80
d,29.41,33.33,9.80,0.00,13.73,13.73
e,33.33,33.33,9.80,13.73,0.00,1.96
f,33.33,33.33,9.80,13.73,1.96,0.00
