,a,b,c,d,e,f
a,0.00,5.14,19.60,33.63,20.35,11.50
b,5.14,0.00,17.05,30.33,18.03,9.84
c,19.60,17.05,0.00,11.50,24.78,11.50
d,33.63,30.33,11.50,0.00,28.85,20.95
e,20.35,18.03,24.78,28.85,0.00,17.00
f,11.50,9.84,11.50,20.95,17.00,0.00
