,a,b,c,d,e,f
a,0.00,16.67,12.70,13.58,28.57,24.60
b,16.67,0.00,24.60,25.93,36.51,32.54
c,12.70,24.60,0.00,1.23,16.67,12.70
d,13.58,25.93,1.23,0.00,13.58,9.47
e,28.57,36.51,16.67,13.58,0.00,4.76
f,24.60,32.54,12.70,9.47,4.76,0.00
