,a,b,c,d,e,f
a,0.00,9.91,18.92,9.91,23.08,18.92
b,9.91,0.00,18.92,9.91,23.08,18.92
c,18.92,18.92,0.00,18.92,23.08,23.42
d,9.91,9.91,18.92,0.00,23.08,18.92
e,23.08,23.08,23.08,23.08,0.00,6.98
f,18.92,18.92,23.42,18.92,6.98,0.00
