,a,b,c,d,e,f
a,0.00,11.39,16.67,16.67,8.05,11.46
b,11.39,0.00,20.40,20.40,12.57,20.40
c,16.67,20.40,0.00,15.42,23.50,15.42
d,16.67,20.40,15.42,0.00,23.50,15.42
e,8.05,12.57,23.50,23.50,0.00,12.57
f,11.46,20.40,15.42,15.42,12.57,0.00
