,a,b,c,d,e,f
a,0.00,10.34,16.35,29.52,29.52,20.70
b,10.34,0.00,12.55,25.11,25.11,16.30
c,16.35,12.55,0.00,16.30,29.52,20.70
d,29.52,25.11,16.30,0.00,42.58,33.01
e,29.52,25.11,29.52,42.58,0.00,18.37
f,20.70,16.30,20.70,33.01,18.37,0.00
