,a,b,c,d,e,f
a,0.00,14.77,42.62,42.86,43.18,43.18
b,14.77,0.00,39.60,34.13,31.03,31.03
c,42.62,39.60,0.00,34.13,40.12,34.13
d,42.86,34.13,34.13,0.00,36.65,36.65
e,43.18,31.03,40.12,36.65,0.00,10.51
f,43.18,31.03,34.13,36.65,10.51,0.00
