,a,b,c,d,e,f
a,0.00,5.26,21.05,10.34,10.53,10.53
b,5.26,0.00,19.15,12.79,6.38,6.38
c,21.05,19.15,0.00,18.27,13.04,17.00
d,10.34,12.79,18.27,0.00,10.53,15.79
e,10.53,6.38,13.04,10.53,0.00,5.14
f,10.53,6.38,17.00,15.79,5.14,0.00
