,a,b,c,d,e,f
a,0.00,8.50,28.10,20.63,31.03,22.71
b,8.50,0.00,21.57,12.70,27.20,27.54
c,28.10,21.57,0.00,36.51,46.36,51.69
d,20.63,12.70,36.51,0.00,28.89,19.19
e,31.03,27.20,46.36,28.89,0.00,27.54
f,22.71,27.54,51.69,19.19,27.54,0.00
