,a,b,c,d,e,f
a,0.00,26.47,37.50,37.50,42.97,48.53
b,26.47,0.00,21.71,21.71,33.82,39.50
c,37.50,21.71,0.00,21.71,33.82,46.62
d,37.50,21.71,21.71,0.00,33.82,46.62
e,42.97,33.82,33.82,33.82,0.00,26.38
f,48.53,39.50,46.62,46.62,26.38,0.00
