,a,b,c,d,e,f
a,0.00,15.00,34.07,28.57,39.56,39.56
b,15.00,0.00,34.07,28.57,39.56,39.56
c,34.07,34.07,0.00,15.00,20.00,20.00
d,28.57,28.57,15.00,0.00,25.00,25.00
e,39.56,39.56,20.00,25.00,0.00,1.57
f,39.56,39.56,20.00,25.00,1.57,0.00
