,a,b,c,d,e,f
a,0.00,17.27,10.07,17.27,7.06,14.50
b,17.27,0.00,20.86,28.06,18.22,21.93
c,10.07,20.86,0.00,12.02,10.78,18.22
d,17.27,28.06,12.02,0.00,14.50,21.93
e,7.06,18.22,10.78,14.50,0.00,14.50
f,14.50,21.93,18.22,21.93,14.50,0.00
