,a,b,c,d,e,f
a,0.00,3.47,26.83,26.83,23.47,16.00
b,3.47,0.00,26.83,26.83,26.97,18.10
c,26.83,26.83,0.00,7.32,27.15,26.83
d,26.83,26.83,7.32,0.00,27.15,26.83
e,23.47,26.97,27.15,27.15,0.00,17.07
f,16.00,18.10,26.83,26.83,17.07,0.00
