,a,b,c,d,e,f
a,0.00,25.11,30.00,32.20,28.23,32.20
b,25.11,0.00,23.44,29.13,20.70,21.26
c,30.00,23.44,0.00,23.73,28.23,22.02
d,32.20,29.13,23.73,0.00,36.44,31.56
e,28.23,20.70,28.23,36.44,0.00,15.25
f,32.20,21.26,22.02,31.56,15.25,0.00
