,a,b,c,d,e,f
a,0.00,8.00,30.50,22.41,22.78,30.50
b,8.00,0.00,35.34,26.83,31.03,39.66
c,30.50,35.34,0.00,35.34,18.92,34.36
d,22.41,26.83,35.34,0.00,26.72,31.03
e,22.78,31.03,18.92,26.72,0.00,18.92
f,30.50,39.66,34.36,31.03,18.92,0.00
