,a,b,c,d,e,f
a,0.00,15.97,14.69,25.76,23.08,30.69
b,15.97,0.00,14.29,20.00,22.28,18.92
c,14.69,14.29,0.00,14.69,19.43,20.00
d,25.76,20.00,14.69,0.00,21.40,27.46
e,23.08,22.28,19.43,21.40,0.00,20.79
f,30.69,18.92,20.00,27.46,20.79,0.00
