,a,b,c,d,e,f
a,0.00,18.55,13.51,38.93,23.08,23.08
b,18.55,0.00,21.18,17.72,15.32,15.32
c,13.51,21.18,0.00,29.20,16.26,16.26
d,38.93,17.72,29.20,0.00,17.72,17.72
e,23.08,15.32,16.26,17.72,0.00,2.72
f,23.08,15.32,16.26,17.72,2.72,0.00
