,a,b,c,d,e,f
a,0.00,45.70,19.81,23.08,27.60,27.60
b,45.70,0.00,36.65,43.48,47.83,47.83
c,19.81,36.65,0.00,14.03,18.55,18.55
d,23.08,43.48,14.03,0.00,21.74,21.74
e,27.60,47.83,18.55,21.74,0.00,9.77
f,27.60,47.83,18.55,21.74,9.77,0.00
