,a,b,c,d,e,f
a,0.00,9.09,21.57,20.45,32.29,32.29
b,9.09,0.00,25.49,24.24,37.50,37.50
c,21.57,25.49,0.00,24.24,34.43,34.43
d,20.45,24.24,24.24,0.00,37.50,42.71
e,32.29,37.50,34.43,37.50,0.00,21.88
f,32.29,37.50,34.43,42.71,21.88,0.00
