,a,b,c,d,e,f
a,0.00,5.98,27.54,20.00,18.80,25.93
b,5.98,0.00,27.54,20.00,18.80,25.93
c,27.54,27.54,0.00,24.44,22.71,25.93
d,20.00,20.00,24.44,0.00,15.56,22.71
e,18.80,18.80,22.71,15.56,0.00,11.88
f,25.93,25.93,25.93,22.71,11.88,0.00
