,a,b,c,d,e,f
a,0.00,14.09,36.17,36.17,39.02,39.02
b,14.09,0.00,21.99,21.99,22.76,22.76
c,36.17,21.99,0.00,7.80,28.27,28.27
d,36.17,21.99,7.80,0.00,24.05,24.05
e,39.02,22.76,28.27,24.05,0.00,9.80
f,39.02,22.76,28.27,24.05,9.80,0.00
