,a,b,c,d,e,f
a,0.00,22.08,33.07,33.07,31.56,57.63
b,22.08,0.00,32.20,36.44,30.61,58.72
c,33.07,32.20,0.00,17.32,21.26,47.14
d,33.07,36.44,17.32,0.00,9.45,33.92
e,31.56,30.61,21.26,9.45,0.00,27.97
f,57.63,58.72,47.14,33.92,27.97,0.00
