,a,b,c,d,e,f
a,0.00,35.96,24.53,33.96,38.68,48.11
b,35.96,0.00,31.03,40.89,35.96,40.89
c,24.53,31.03,0.00,19.81,33.96,33.96
d,33.96,40.89,19.81,0.00,43.40,43.40
e,38.68,35.96,33.96,43.40,0.00,14.40
f,48.11,40.89,33.96,43.40,14.40,0.00
