,a,b,c,d,e,f
a,0.00,8.85,28.57,28.57,30.66,27.01
b,8.85,0.00,28.57,28.57,34.31,30.66
c,28.57,28.57,0.00,16.98,32.77,32.77
d,28.57,28.57,16.98,0.00,32.77,28.57
e,30.66,34.31,32.77,32.77,0.00,16.06
f,27.01,30.66,32.77,28.57,16.06,0.00
