,a,b,c,d,e,f
a,0.00,13.58,27.20,23.98,19.54,27.35
b,13.58,0.00,30.04,34.64,21.81,25.93
c,27.20,30.04,0.00,35.67,27.20,27.35
d,23.98,34.64,35.67,0.00,35.67,47.71
e,19.54,21.81,27.20,35.67,0.00,8.05
f,27.35,25.93,27.35,47.71,8.05,0.00
