,a,b,c,d,e,f
a,0.00,15.32,31.45,19.35,23.39,23.39
b,15.32,0.00,35.48,23.39,27.42,27.42
c,31.45,35.48,0.00,23.39,27.42,27.42
d,19.35,23.39,23.39,0.00,15.32,15.32
e,23.39,27.42,27.42,15.32,0.00,1.82
f,23.39,27.42,27.42,15.32,1.82,0.00
