,a,b,c,d,e,f
a,0.00,18.80,13.58,17.70,13.58,21.81
b,18.80,0.00,17.70,21.81,17.70,25.93
c,13.58,17.70,0.00,12.70,8.73,16.67
d,17.70,21.81,12.70,0.00,12.70,20.63
e,13.58,17.70,8.73,12.70,0.00,8.73
f,21.81,25.93,16.67,20.63,8.73,0.00
