,a,b,c,d,e,f
a,0.00,7.75,36.76,46.72,26.23,26.23
b,7.75,0.00,28.85,42.62,18.03,18.03
c,36.76,28.85,0.00,34.43,34.43,34.43
d,46.72,42.62,34.43,0.00,53.19,53.19
e,26.23,18.03,34.43,53.19,0.00,1.19
f,26.23,18.03,34.43,53.19,1.19,0.00
