,a,b,c,d,e,f
a,0.00,13.04,13.04,28.85,28.85,35.48
b,13.04,0.00,20.95,28.85,28.85,40.09
c,13.04,20.95,0.00,20.95,36.76,44.70
d,28.85,28.85,20.95,0.00,48.62,53.92
e,28.85,28.85,36.76,48.62,0.00,12.44
f,35.48,40.09,44.70,53.92,12.44,0.00
