,a,b,c,d,e,f
a,0.00,14.80,18.10,17.07,10.31,13.79
b,14.80,0.00,19.28,18.37,15.89,19.28
c,18.10,19.28,0.00,5.83,4.56,12.00
d,17.07,18.37,5.83,0.00,6.54,10.31
e,10.31,15.89,4.56,6.54,0.00,4.56
f,13.79,19.28,12.00,10.31,4.56,0.00
