,a,b,c,d,e,f
a,0.00,23.73,11.02,11.89,12.09,28.57
b,23.73,0.00,14.59,19.12,25.11,33.92
c,11.02,14.59,0.00,8.75,20.70,29.52
d,11.89,19.12,8.75,0.00,23.44,33.01
e,12.09,25.11,20.70,23.44,0.00,20.70
f,28.57,33.92,29.52,33.01,20.70,0.00
