,a,b,c,d,e,f
a,0.00,16.67,11.76,26.47,28.21,16.67
b,16.67,0.00,17.60,32.58,27.93,13.86
c,11.76,17.60,0.00,28.57,32.43,17.60
d,26.47,32.58,28.57,0.00,41.44,32.58
e,28.21,27.93,32.43,41.44,0.00,18.60
f,16.67,13.86,17.60,32.58,18.60,0.00
