,a,b,c,d,e,f
a,0.00,15.58,37.93,31.03,15.58,15.58
b,15.58,0.00,28.18,33.70,5.26,5.26
c,37.93,28.18,0.00,18.03,26.23,24.78
d,31.03,33.70,18.03,0.00,26.23,29.20
e,15.58,5.26,26.23,26.23,0.00,0.76
f,15.58,5.26,24.78,29.20,0.76,0.00
