,a,b,c,d,e,f
a,0.00,23.98,23.98,23.61,28.57,20.63
b,23.98,0.00,44.44,44.44,35.67,35.67
c,23.98,44.44,0.00,9.72,29.82,29.82
d,23.61,44.44,9.72,0.00,30.56,23.61
e,28.57,35.67,29.82,30.56,0.00,16.67
f,20.63,35.67,29.82,23.61,16.67,0.00
