,a,b,c,d,e,f
a,0.00,22.71,33.33,24.44,28.89,24.44
b,22.71,0.00,14.14,14.14,9.09,4.04
c,33.33,14.14,0.00,8.05,4.76,8.73
d,24.44,14.14,8.05,0.00,4.76,8.73
e,28.89,9.09,4.76,4.76,0.00,4.76
f,24.44,4.04,8.73,8.73,4.76,0.00
