,a,b,c,d,e,f
a,0.00,3.23,29.20,14.57,26.27,24.78
b,3.23,0.00,30.88,15.79,27.88,26.27
c,29.20,30.88,0.00,20.35,38.52,40.71
d,14.57,15.79,20.35,0.00,35.48,33.63
e,26.27,27.88,38.52,35.48,0.00,9.84
f,24.78,26.27,40.71,33.63,9.84,0.00
