,a,b,c,d,e,f
a,0.00,7.41,10.05,10.05,44.44,46.24
b,7.41,0.00,7.41,7.41,48.15,49.82
c,10.05,7.41,0.00,5.09,48.15,49.82
d,10.05,7.41,5.09,0.00,48.15,49.82
e,44.44,48.15,48.15,48.15,0.00,23.81
f,46.24,49.82,49.82,49.82,23.81,0.00
