,a,b,c,d,e,f
a,0.00,31.58,21.66,30.88,26.27,35.48
b,31.58,0.00,31.58,42.11,36.84,47.37
c,21.66,31.58,0.00,16.03,19.85,27.48
d,30.88,42.11,16.03,0.00,31.30,35.11
e,26.27,36.84,19.85,31.30,0.00,16.03
f,35.48,47.37,27.48,35.11,16.03,0.00
