,a,b,c,d,e,f
a,0.00,21.66,40.09,40.09,53.92,58.53
b,21.66,0.00,22.13,22.13,42.62,50.82
c,40.09,22.13,0.00,16.92,42.62,50.82
d,40.09,22.13,16.92,0.00,38.52,46.72
e,53.92,42.62,42.62,38.52,0.00,14.29
f,58.53,50.82,50.82,46.72,14.29,0.00
