,a,b,c,d,e,f
a,0.00,30.23,41.78,34.93,59.09,41.18
b,30.23,0.00,31.51,21.23,36.36,28.57
c,41.78,31.51,0.00,20.27,50.00,45.38
d,34.93,21.23,20.27,0.00,50.00,45.38
e,59.09,36.36,50.00,50.00,0.00,17.97
f,41.18,28.57,45.38,45.38,17.97,0.00
