,a,b,c,d,e,f
a,0.00,10.85,33.33,28.21,23.08,28.21
b,10.85,0.00,27.93,23.42,16.67,21.57
c,33.33,27.93,0.00,9.91,22.62,22.62
d,28.21,23.42,9.91,0.00,22.62,22.62
e,23.08,16.67,22.62,22.62,0.00,11.76
f,28.21,21.57,22.62,22.62,11.76,0.00
