,a,b,c,d,e,f
a,0.00,20.90,20.29,20.29,34.11,37.98
b,20.90,0.00,32.20,32.20,37.85,37.85
c,20.29,32.20,0.00,17.49,30.23,34.11
d,20.29,32.20,17.49,0.00,30.23,34.11
e,34.11,37.85,30.23,30.23,0.00,17.60
f,37.98,37.85,34.11,34.11,17.60,0.00
