,a,b,c,d,e,f
a,0.00,25.11,45.00,25.00,28.23,25.11
b,25.11,0.00,52.15,33.01,35.78,32.20
c,45.00,52.15,0.00,26.42,44.95,49.15
d,25.00,33.01,26.42,0.00,31.19,27.97
e,28.23,35.78,44.95,31.19,0.00,14.29
f,25.11,32.20,49.15,27.97,14.29,0.00
