,a,b,c,d,e,f
a,0.00,18.82,13.93,18.82,11.44,15.13
b,18.82,0.00,22.13,22.51,15.13,18.82
c,13.93,22.13,0.00,22.13,13.93,18.03
d,18.82,22.51,22.13,0.00,15.13,18.82
e,11.44,15.13,13.93,15.13,0.00,11.44
f,15.13,18.82,18.03,18.82,11.44,0.00
