,a,b,c,d,e,f
a,0.00,17.81,28.27,45.36,30.89,22.76
b,17.81,0.00,31.51,21.21,34.21,25.44
c,28.27,31.51,0.00,37.50,39.02,39.02
d,45.36,21.21,37.50,0.00,58.33,53.12
e,30.89,34.21,39.02,58.33,0.00,9.80
f,22.76,25.44,39.02,53.12,9.80,0.00
