,a,b,c,d,e,f
a,0.00,18.30,15.03,18.30,24.60,24.60
b,18.30,0.00,15.03,18.30,20.63,20.63
c,15.03,15.03,0.00,8.50,20.63,20.63
d,18.30,18.30,8.50,0.00,20.63,20.63
e,24.60,20.63,20.63,20.63,0.00,11.11
f,24.60,20.63,20.63,20.63,11.11,0.00
