,a,b,c,d,e,f
a,0.00,24.73,35.90,31.62,35.67,47.37
b,24.73,0.00,42.39,42.39,44.44,55.56
c,35.90,42.39,0.00,13.98,38.27,56.79
d,31.62,42.39,13.98,0.00,32.10,50.62
e,35.67,44.44,38.27,32.10,0.00,38.89
f,47.37,55.56,56.79,50.62,38.89,0.00
