,a,b,c,d,e,f
a,0.00,13.04,24.90,20.95,19.15,19.15
b,13.04,0.00,24.90,20.95,23.40,23.40
c,24.90,24.90,0.00,17.00,31.91,31.91
d,20.95,20.95,17.00,0.00,23.40,23.40
e,19.15,23.40,31.91,23.40,0.00,4.58
f,19.15,23.40,31.91,23.40,4.58,0.00
