,a,b,c,d,e,f
a,0.00,21.35,27.93,37.50,43.66,43.66
b,21.35,0.00,27.93,37.50,38.97,38.97
c,27.93,27.93,0.00,20.83,40.86,40.86
d,37.50,37.50,20.83,0.00,46.08,46.08
e,43.66,38.97,40.86,46.08,0.00,6.37
f,43.66,38.97,40.86,46.08,6.37,0.00
