,a,b,c,d,e,f
a,0.00,7.08,37.50,29.20,30.88,24.42
b,7.08,0.00,32.69,24.78,30.88,24.42
c,37.50,32.69,0.00,23.40,39.70,38.65
d,29.20,24.78,23.40,0.00,30.88,30.23
e,30.88,30.88,39.70,30.88,0.00,15.79
f,24.42,24.42,38.65,30.23,15.79,0.00
