,a,b,c,d,e,f
a,0.00,13.04,13.04,17.00,20.95,9.09
b,13.04,0.00,13.04,17.00,17.00,13.04
c,13.04,13.04,0.00,5.14,20.95,13.04
d,17.00,17.00,5.14,0.00,24.90,17.00
e,20.95,17.00,20.95,24.90,0.00,17.00
f,9.09,13.04,13.04,17.00,17.00,0.00
