,a,b,c,d,e,f
a,0.00,9.91,41.44,23.42,37.85,37.85
b,9.91,0.00,36.94,18.92,32.20,32.20
c,41.44,36.94,0.00,12.77,35.74,43.78
d,23.42,18.92,12.77,0.00,23.69,31.73
e,37.85,32.20,35.74,23.69,0.00,14.73
f,37.85,32.20,43.78,31.73,14.73,0.00
