,a,b,c,d,e,f
a,0.00,23.57,30.23,22.75,31.33,31.33
b,23.57,0.00,20.93,22.75,35.62,35.62
c,30.23,20.93,0.00,9.09,17.36,17.36
d,22.75,22.75,9.09,0.00,15.38,15.38
e,31.33,35.62,17.36,15.38,0.00,3.85
f,31.33,35.62,17.36,15.38,3.85,0.00
