,a,b,c,d,e,f
a,0.00,21.43,42.86,46.43,48.62,40.71
b,21.43,0.00,39.29,42.86,48.62,40.71
c,42.86,39.29,0.00,10.71,28.85,28.85
d,46.43,42.86,10.71,0.00,32.81,28.85
e,48.62,48.62,28.85,32.81,0.00,9.09
f,40.71,40.71,28.85,28.85,9.09,0.00
