,a,b,c,d,e,f
a,0.00,14.40,16.26,10.51,15.32,15.32
b,14.40,0.00,31.03,22.18,19.35,19.35
c,16.26,31.03,0.00,11.33,22.68,17.53
d,10.51,22.18,11.33,0.00,23.39,23.39
e,15.32,19.35,22.68,23.39,0.00,11.29
f,15.32,19.35,17.53,23.39,11.29,0.00
