,a,b,c,d,e,f
a,0.00,23.37,11.88,15.71,31.03,31.03
b,23.37,0.00,31.03,27.20,34.87,34.87
c,11.88,31.03,0.00,15.71,34.87,31.03
d,15.71,27.20,15.71,0.00,31.03,27.20
e,31.03,34.87,34.87,31.03,0.00,7.94
f,31.03,34.87,31.03,27.20,7.94,0.00
