,a,b,c,d,e,f
a,0.00,3.23,23.39,23.39,30.43,23.39
b,3.23,0.00,23.39,23.39,30.43,23.39
c,23.39,23.39,0.00,14.40,24.69,22.18
d,23.39,23.39,14.40,0.00,20.50,18.29
e,30.43,30.43,24.69,20.50,0.00,7.95
f,23.39,23.39,22.18,18.29,7.95,0.00
