,a,b,c,d,e,f
a,0.00,16.40,13.18,13.18,18.29,33.85
b,16.40,0.00,9.97,9.97,22.18,37.74
c,13.18,9.97,0.00,3.54,10.51,26.07
d,13.18,9.97,3.54,0.00,14.40,29.96
e,18.29,22.18,10.51,14.40,0.00,17.29
f,33.85,37.74,26.07,29.96,17.29,0.00
