,a,b,c,d,e,f
a,0.00,1.89,20.75,16.98,32.43,28.06
b,1.89,0.00,20.75,16.98,32.43,28.06
c,20.75,20.75,0.00,5.66,39.19,35.25
d,16.98,16.98,5.66,0.00,39.19,35.25
e,32.43,32.43,39.19,39.19,0.00,18.48
f,28.06,28.06,35.25,35.25,18.48,0.00
