,a,b,c,d,e,f
a,0.00,13.04,19.15,14.89,10.64,14.89
b,13.04,0.00,31.91,27.66,23.40,23.40
c,19.15,31.91,0.00,17.00,17.00,20.95
d,14.89,27.66,17.00,0.00,17.00,20.95
e,10.64,23.40,17.00,17.00,0.00,9.09
f,14.89,23.40,20.95,20.95,9.09,0.00
