,a,b,c,d,e,f
a,0.00,11.26,21.05,19.01,28.57,24.81
b,11.26,0.00,13.53,11.97,21.05,17.29
c,21.05,13.53,0.00,6.25,22.18,18.29
d,19.01,11.97,6.25,0.00,17.29,21.05
e,28.57,21.05,22.18,17.29,0.00,21.05
f,24.81,17.29,18.29,21.05,21.05,0.00
