,a,b,c,d,e,f
a,0.00,13.04,15.66,21.69,34.78,18.48
b,13.04,0.00,21.69,27.71,29.35,23.91
c,15.66,21.69,0.00,6.88,22.28,6.74
d,21.69,27.71,6.88,0.00,27.46,11.92
e,34.78,29.35,22.28,27.46,0.00,14.06
f,18.48,23.91,6.74,11.92,14.06,0.00
