,a,b,c,d,e,f
a,0.00,9.97,19.01,16.40,24.05,24.05
b,9.97,0.00,15.49,16.40,24.05,24.05
c,19.01,15.49,0.00,26.06,24.05,24.05
d,16.40,16.40,26.06,0.00,36.71,36.71
e,24.05,24.05,24.05,36.71,0.00,14.77
f,24.05,24.05,24.05,36.71,14.77,0.00
