,a,b,c,d,e,f
a,0.00,17.32,26.53,22.45,23.44,13.39
b,17.32,0.00,29.13,21.26,26.61,16.35
c,26.53,29.13,0.00,29.13,22.02,17.32
d,22.45,21.26,29.13,0.00,26.61,17.32
e,23.44,26.61,22.02,26.61,0.00,17.43
f,13.39,16.35,17.32,17.32,17.43,0.00
