,a,b,c,d,e,f
a,0.00,3.45,3.45,6.90,18.66,18.66
b,3.45,0.00,0.00,3.45,13.88,13.88
c,3.45,0.00,0.00,3.45,13.88,13.88
d,6.90,3.45,3.45,0.00,13.88,13.88
e,18.66,13.88,13.88,13.88,0.00,4.31
f,18.66,13.88,13.88,13.88,4.31,0.00
