,a,b,c,d,e,f
a,0.00,11.56,10.85,14.73,22.48,26.36
b,11.56,0.00,18.92,23.42,32.43,36.94
c,10.85,18.92,0.00,10.11,17.60,21.35
d,14.73,23.42,10.11,0.00,17.60,21.35
e,22.48,32.43,17.60,17.60,0.00,8.16
f,26.36,36.94,21.35,21.35,8.16,0.00
