,a,b,c,d,e,f
a,0.00,18.27,13.46,18.27,19.60,21.05
b,18.27,0.00,13.46,18.27,4.52,5.26
c,13.46,13.46,0.00,9.09,18.03,19.15
d,18.27,18.27,9.09,0.00,26.23,27.66
e,19.60,4.52,18.03,26.23,0.00,2.65
f,21.05,5.26,19.15,27.66,2.65,0.00
