,a,b,c,d,e,f
a,0.00,24.88,48.36,54.95,46.08,57.75
b,24.88,0.00,48.72,58.97,40.48,54.80
c,48.36,48.72,0.00,42.03,43.72,50.00
d,54.95,58.97,42.03,0.00,33.33,43.78
e,46.08,40.48,43.72,33.33,0.00,18.60
f,57.75,54.80,50.00,43.78,18.60,0.00
