,a,b,c,d,e,f
a,0.00,26.61,40.94,31.19,23.95,28.23
b,26.61,0.00,50.00,45.05,33.01,37.17
c,40.94,50.00,0.00,25.27,42.86,37.80
d,31.19,45.05,25.27,0.00,23.44,29.03
e,23.95,33.01,42.86,23.44,0.00,20.00
f,28.23,37.17,37.80,29.03,20.00,0.00
