,a,b,c,d,e,f
a,0.00,46.90,65.12,53.49,78.95,78.95
b,46.90,0.00,39.60,43.04,64.07,64.07
c,65.12,39.60,0.00,13.51,43.18,43.18
d,53.49,43.04,13.51,0.00,43.30,43.30
e,78.95,64.07,43.18,43.30,0.00,3.23
f,78.95,64.07,43.18,43.30,3.23,0.00
