,a,b,c,d,e,f
a,0.00,19.03,27.13,27.13,19.43,24.17
b,19.03,0.00,27.13,23.08,24.17,24.17
c,27.13,27.13,0.00,19.03,24.17,24.17
d,27.13,23.08,19.03,0.00,19.43,19.43
e,19.43,24.17,24.17,19.43,0.00,21.88
f,24.17,24.17,24.17,19.43,21.88,0.00
