,a,b,c,d,e,f
a,0.00,11.54,15.38,17.36,31.33,27.04
b,11.54,0.00,15.38,21.49,31.33,27.04
c,15.38,15.38,0.00,8.37,30.77,26.92
d,17.36,21.49,8.37,0.00,37.50,33.04
e,31.33,31.33,30.77,37.50,0.00,19.23
f,27.04,27.04,26.92,33.04,19.23,0.00
