,a,b,c,d,e,f
a,0.00,16.67,28.57,23.91,52.38,45.95
b,16.67,0.00,21.77,16.67,52.38,41.44
c,28.57,21.77,0.00,11.50,36.94,36.33
d,23.91,16.67,11.50,0.00,32.43,31.73
e,52.38,52.38,36.94,32.43,0.00,24.88
f,45.95,41.44,36.33,31.73,24.88,0.00
