,a,b,c,d,e,f
a,0.00,30.13,37.50,45.31,53.12,45.31
b,30.13,0.00,43.23,51.97,51.97,47.60
c,37.50,43.23,0.00,28.30,32.08,24.53
d,45.31,51.97,28.30,0.00,39.62,32.08
e,53.12,51.97,32.08,39.62,0.00,13.21
f,45.31,47.60,24.53,32.08,13.21,0.00
