,a,b,c,d,e,f
a,0.00,18.37,18.37,30.61,30.61,22.45
b,18.37,0.00,17.32,29.13,29.13,21.26
c,18.37,17.32,0.00,23.95,27.76,20.15
d,30.61,29.13,23.95,0.00,46.77,39.16
e,30.61,29.13,27.76,46.77,0.00,12.55
f,22.45,21.26,20.15,39.16,12.55,0.00
