,a,b,c,d,e,f
a,0.00,13.31,15.38,19.86,30.23,25.58
b,13.31,0.00,23.08,23.34,39.53,34.88
c,15.38,23.08,0.00,15.38,32.04,27.18
d,19.86,23.34,15.38,0.00,34.88,30.23
e,30.23,39.53,32.04,34.88,0.00,16.28
f,25.58,34.88,27.18,30.23,16.28,0.00
