,a,b,c,d,e,f
a,0.00,10.85,20.83,18.92,37.98,41.86
b,10.85,0.00,13.42,10.80,35.74,31.73
c,20.83,13.42,0.00,5.41,30.74,35.06
d,18.92,10.80,5.41,0.00,24.88,34.27
e,37.98,35.74,30.74,24.88,0.00,28.84
f,41.86,31.73,35.06,34.27,28.84,0.00
