,a,b,c,d,e,f
a,0.00,16.96,34.43,30.33,22.51,18.82
b,16.96,0.00,46.72,42.62,35.11,27.48
c,34.43,46.72,0.00,21.43,38.52,26.23
d,30.33,42.62,21.43,0.00,34.43,22.13
e,22.51,35.11,38.52,34.43,0.00,22.51
f,18.82,27.48,26.23,22.13,22.51,0.00
