,a,b,c,d,e,f
a,0.00,9.43,25.78,33.65,37.50,47.37
b,9.43,0.00,17.97,24.17,29.69,39.27
c,25.78,17.97,0.00,19.43,25.78,35.22
d,33.65,24.17,19.43,0.00,38.39,45.54
e,37.50,29.69,25.78,38.39,0.00,27.13
f,47.37,39.27,35.22,45.54,27.13,0.00
