,a,b,c,d,e,f
a,0.00,24.19,42.08,38.22,43.97,43.97
b,24.19,0.00,44.03,40.30,41.91,41.91
c,42.08,44.03,0.00,13.04,24.00,24.00
d,38.22,40.30,13.04,0.00,24.00,24.00
e,43.97,41.91,24.00,24.00,0.00,6.72
f,43.97,41.91,24.00,24.00,6.72,0.00
