,a,b,c,d,e,f
a,0.00,36.94,53.05,50.98,48.72,48.72
b,36.94,0.00,29.58,36.27,24.88,24.88
c,53.05,29.58,0.00,32.43,28.21,33.33
d,50.98,36.27,32.43,0.00,26.47,26.47
e,48.72,24.88,28.21,26.47,0.00,12.12
f,48.72,24.88,33.33,26.47,12.12,0.00
