,a,b,c,d,e,f
a,0.00,13.91,16.97,16.97,28.00,30.50
b,13.91,0.00,20.53,20.53,50.70,40.40
c,16.97,20.53,0.00,9.75,28.00,30.50
d,16.97,20.53,9.75,0.00,28.00,30.50
e,28.00,50.70,28.00,28.00,0.00,22.78
f,30.50,40.40,30.50,30.50,22.78,0.00
