,a,b,c,d,e,f
a,0.00,15.61,16.67,24.24,35.61,28.03
b,15.61,0.00,22.37,31.51,40.64,36.07
c,16.67,22.37,0.00,12.88,31.82,24.24
d,24.24,31.51,12.88,0.00,31.82,31.82
e,35.61,40.64,31.82,31.82,0.00,20.45
f,28.03,36.07,24.24,31.82,20.45,0.00
