,a,b,c,d,e,f
a,0.00,21.64,17.91,18.92,26.72,26.72
b,21.64,0.00,29.10,30.50,26.72,26.72
c,17.91,29.10,0.00,9.94,22.41,22.41
d,18.92,30.50,9.94,0.00,23.77,23.77
e,26.72,26.72,22.41,23.77,0.00,9.48
f,26.72,26.72,22.41,23.77,9.48,0.00
