,a,b,c,d,e,f
a,0.00,17.75,19.68,19.68,43.59,43.72
b,17.75,0.00,31.37,31.37,46.43,41.18
c,19.68,31.37,0.00,3.61,49.15,50.98
d,19.68,31.37,3.61,0.00,49.15,50.98
e,43.59,46.43,49.15,49.15,0.00,23.42
f,43.72,41.18,50.98,50.98,23.42,0.00
