,a,b,c,d,e,f
a,0.00,27.48,14.89,14.89,12.21,16.03
b,27.48,0.00,40.43,40.43,35.11,35.11
c,14.89,40.43,0.00,6.38,19.15,23.40
d,14.89,40.43,6.38,0.00,19.15,23.40
e,12.21,35.11,19.15,19.15,0.00,3.41
f,16.03,35.11,23.40,23.40,3.41,0.00
