,a,b,c,d,e,f
a,0.00,35.06,26.41,30.74,46.08,46.08
b,35.06,0.00,26.41,30.74,36.27,46.08
c,26.41,26.41,0.00,6.98,30.74,26.41
d,30.74,30.74,6.98,0.00,35.06,30.74
e,46.08,36.27,30.74,35.06,0.00,26.36
f,46.08,46.08,26.41,30.74,26.36,0.00
