,a,b,c,d,e,f
a,0.00,13.39,23.73,10.20,18.37,18.37
b,13.39,0.00,23.44,12.84,22.02,22.02
c,23.73,23.44,0.00,14.29,22.45,22.45
d,10.20,12.84,14.29,0.00,9.45,9.45
e,18.37,22.02,22.45,9.45,0.00,1.57
f,18.37,22.02,22.45,9.45,1.57,0.00
