,a,b,c,d,e,f
a,0.00,2.34,21.88,36.36,35.22,43.32
b,2.34,0.00,21.88,36.36,35.22,43.32
c,21.88,21.88,0.00,22.73,43.32,51.42
d,36.36,36.36,22.73,0.00,57.35,66.82
e,35.22,35.22,43.32,57.35,0.00,10.93
f,43.32,43.32,51.42,66.82,10.93,0.00
