,a,b,c,d,e,f
a,0.00,13.79,24.14,31.56,40.94,48.82
b,13.79,0.00,17.24,23.95,29.13,37.01
c,24.14,17.24,0.00,18.15,20.15,27.76
d,31.56,23.95,18.15,0.00,36.44,40.68
e,40.94,29.13,20.15,36.44,0.00,12.55
f,48.82,37.01,27.76,40.68,12.55,0.00
