,a,b,c,d,e,f
a,0.00,11.88,13.58,25.93,23.08,18.80
b,11.88,0.00,18.52,29.63,31.62,27.35
c,13.58,18.52,0.00,13.19,25.93,21.81
d,25.93,29.63,13.19,0.00,30.04,25.93
e,23.08,31.62,25.93,30.04,0.00,8.73
f,18.80,27.35,21.81,25.93,8.73,0.00
