,a,b,c,d,e,f
a,0.00,12.62,38.55,17.48,52.94,32.04
b,12.62,0.00,32.96,12.62,47.06,27.18
c,38.55,32.96,0.00,18.45,34.01,31.33
d,17.48,12.62,18.45,0.00,28.57,15.38
e,52.94,47.06,34.01,28.57,0.00,25.62
f,32.04,27.18,31.33,15.38,25.62,0.00
