,a,b,c,d,e,f
a,0.00,6.38,5.14,13.04,19.15,15.93
b,6.38,0.00,6.38,10.64,20.35,17.05
c,5.14,6.38,0.00,12.21,18.03,14.89
d,13.04,10.64,12.21,0.00,26.23,23.40
e,19.15,20.35,18.03,26.23,0.00,10.64
f,15.93,17.05,14.89,23.40,10.64,0.00
