,a,b,c,d,e,f
a,0.00,12.21,23.66,28.85,35.11,31.30
b,12.21,0.00,16.03,24.90,27.48,23.66
c,23.66,16.03,0.00,13.04,23.66,19.85
d,28.85,24.90,13.04,0.00,32.81,28.85
e,35.11,27.48,23.66,32.81,0.00,6.04
f,31.30,23.66,19.85,28.85,6.04,0.00
