,a,b,c,d,e,f
a,0.00,19.54,20.63,19.54,27.20,34.87
b,19.54,0.00,20.63,15.71,19.54,31.03
c,20.63,20.63,0.00,6.81,36.51,40.48
d,19.54,15.71,6.81,0.00,31.03,42.53
e,27.20,19.54,36.51,31.03,0.00,23.37
f,34.87,31.03,40.48,42.53,23.37,0.00
