,a,b,c,d,e,f
a,0.00,29.82,25.49,25.49,28.27,32.49
b,29.82,0.00,38.60,38.60,38.10,42.86
c,25.49,38.60,0.00,17.65,24.05,28.27
d,25.49,38.60,17.65,0.00,24.05,28.27
e,28.27,38.10,24.05,24.05,0.00,16.67
f,32.49,42.86,28.27,28.27,16.67,0.00
