,a,b,c,d,e,f
a,0.00,15.79,15.79,15.79,42.11,26.32
b,15.79,0.00,23.08,23.08,47.12,32.69
c,15.79,23.08,0.00,23.08,42.31,32.69
d,15.79,23.08,23.08,0.00,37.50,23.08
e,42.11,47.12,42.31,37.50,0.00,26.20
f,26.32,32.69,32.69,23.08,26.20,0.00
