,a,b,c,d,e,f
a,0.00,13.53,17.39,17.39,29.25,29.25
b,13.53,0.00,21.18,21.18,35.14,29.73
c,17.39,21.18,0.00,4.35,19.81,19.81
d,17.39,21.18,4.35,0.00,19.81,19.81
e,29.25,35.14,19.81,19.81,0.00,28.87
f,29.25,29.73,19.81,19.81,28.87,0.00
