,a,b,c,d,e,f
a,0.00,4.00,24.00,43.97,8.00,13.79
b,4.00,0.00,28.00,48.28,12.00,18.10
c,24.00,28.00,0.00,35.34,16.00,22.41
d,43.97,48.28,35.34,0.00,39.66,39.25
e,8.00,12.00,16.00,39.66,0.00,5.17
f,13.79,18.10,22.41,39.25,5.17,0.00
