,a,b,c,d,e,f
a,0.00,26.64,36.59,34.36,37.22,36.57
b,26.64,0.00,36.59,37.22,43.82,37.22
c,36.59,36.59,0.00,23.77,25.00,21.95
d,34.36,37.22,23.77,0.00,39.25,34.36
e,37.22,43.82,25.00,39.25,0.00,23.77
f,36.57,37.22,21.95,34.36,23.77,0.00
