,a,b,c,d,e,f
a,0.00,22.76,31.82,35.61,50.76,50.76
b,22.76,0.00,26.83,30.89,47.15,51.22
c,31.82,26.83,0.00,9.09,28.03,31.82
d,35.61,30.89,9.09,0.00,28.03,31.82
e,50.76,47.15,28.03,28.03,0.00,24.24
f,50.76,51.22,31.82,31.82,24.24,0.00
