,a,b,c,d,e,f
a,0.00,19.73,29.77,23.95,70.59,66.91
b,19.73,0.00,29.77,23.95,70.59,66.91
c,29.77,29.77,0.00,20.15,59.56,59.56
d,23.95,23.95,20.15,0.00,57.63,53.39
e,70.59,70.59,59.56,57.63,0.00,19.12
f,66.91,66.91,59.56,53.39,19.12,0.00
