,a,b,c,d,e,f
a,0.00,23.69,28.84,36.33,45.83,43.82
b,23.69,0.00,19.68,27.71,36.94,35.74
c,28.84,19.68,0.00,19.30,34.11,33.33
d,36.33,27.71,19.30,0.00,41.86,40.35
e,45.83,36.94,34.11,41.86,0.00,14.97
f,43.82,35.74,33.33,40.35,14.97,0.00
