,a,b,c,d,e,f
a,0.00,4.38,17.36,18.78,13.22,27.18
b,4.38,0.00,12.35,12.62,8.37,20.93
c,17.36,12.35,0.00,12.62,20.32,25.58
d,18.78,12.62,12.62,0.00,22.33,29.41
e,13.22,8.37,20.32,22.33,0.00,16.28
f,27.18,20.93,25.58,29.41,16.28,0.00
