,a,b,c,d,e,f
a,0.00,17.87,17.87,13.04,19.19,22.71
b,17.87,0.00,17.87,17.87,19.19,22.71
c,17.87,17.87,0.00,6.67,21.30,24.44
d,13.04,17.87,6.67,0.00,21.30,24.44
e,19.19,19.19,21.30,21.30,0.00,14.53
f,22.71,22.71,24.44,24.44,14.53,0.00
