,a,b,c,d,e,f
a,0.00,8.65,41.56,18.27,36.05,50.00
b,8.65,0.00,44.79,14.89,34.67,37.01
c,41.56,44.79,0.00,38.65,61.04,67.03
d,18.27,14.89,38.65,0.00,39.70,37.01
e,36.05,34.67,61.04,39.70,0.00,24.42
f,50.00,37.01,67.03,37.01,24.42,0.00
