,a,b,c,d,e,f
a,0.00,25.62,33.88,29.75,33.88,33.88
b,25.62,0.00,24.46,24.46,30.77,30.77
c,33.88,24.46,0.00,8.78,30.77,30.77
d,29.75,24.46,8.78,0.00,26.92,26.92
e,33.88,30.77,30.77,26.92,0.00,10.78
f,33.88,30.77,30.77,26.92,10.78,0.00
