,a,b,c,d,e,f
a,0.00,11.88,12.70,16.67,47.09,58.33
b,11.88,0.00,0.79,4.76,41.80,51.39
c,12.70,0.79,0.00,4.76,41.80,51.39
d,16.67,4.76,4.76,0.00,36.51,44.44
e,47.09,41.80,41.80,36.51,0.00,23.61
f,58.33,51.39,51.39,44.44,23.61,0.00
