,a,b,c,d,e,f
a,0.00,31.58,26.32,26.32,30.88,30.88
b,31.58,0.00,37.01,37.01,42.11,42.11
c,26.32,37.01,0.00,10.53,28.57,22.08
d,26.32,37.01,10.53,0.00,28.57,22.08
e,30.88,42.11,28.57,28.57,0.00,12.44
f,30.88,42.11,22.08,22.08,12.44,0.00
