,a,b,c,d,e,f
a,0.00,5.66,21.88,24.53,24.53,20.75
b,5.66,0.00,21.88,24.53,24.53,20.75
c,21.88,21.88,0.00,21.23,33.59,29.69
d,24.53,24.53,21.23,0.00,32.08,32.08
e,24.53,24.53,33.59,32.08,0.00,16.98
f,20.75,20.75,29.69,32.08,16.98,0.00
