,a,b,c,d,e,f
a,0.00,38.02,29.75,33.88,41.18,38.55
b,38.02,0.00,25.62,29.75,27.37,25.53
c,29.75,25.62,0.00,4.38,21.79,25.53
d,33.88,29.75,4.38,0.00,27.37,30.85
e,41.18,27.37,21.79,27.37,0.00,5.03
f,38.55,25.53,25.53,30.85,5.03,0.00
