,a,b,c,d,e,f
a,0.00,11.54,46.28,39.53,34.62,34.62
b,11.54,0.00,46.28,39.53,34.62,34.62
c,46.28,46.28,0.00,36.89,57.69,61.54
d,39.53,39.53,36.89,0.00,55.36,55.36
e,34.62,34.62,57.69,55.36,0.00,24.70
f,34.62,34.62,61.54,55.36,24.70,0.00
