,a,b,c,d,e,f
a,0.00,12.05,32.14,26.20,41.18,37.50
b,12.05,0.00,32.31,24.05,50.28,48.62
c,32.14,32.31,0.00,20.89,55.80,44.66
d,26.20,24.05,20.89,0.00,44.75,40.71
e,41.18,50.28,55.80,44.75,0.00,33.70
f,37.50,48.62,44.66,40.71,33.70,0.00
