,a,b,c,d,e,f
a,0.00,26.09,38.14,40.54,26.07,29.96
b,26.09,0.00,32.89,32.89,24.53,29.25
c,38.14,32.89,0.00,8.11,12.37,22.68
d,40.54,32.89,8.11,0.00,13.51,24.32
e,26.07,24.53,12.37,13.51,0.00,10.51
f,29.96,29.25,22.68,24.32,10.51,0.00
