,a,b,c,d,e,f
a,0.00,13.21,22.26,8.13,60.00,52.70
b,13.21,0.00,32.08,16.98,60.00,52.70
c,22.26,32.08,0.00,18.73,65.71,52.70
d,8.13,16.98,18.73,0.00,60.00,52.70
e,60.00,60.00,65.71,60.00,0.00,39.19
f,52.70,52.70,52.70,52.70,39.19,0.00
