,a,b,c,d,e,f
a,0.00,6.88,27.13,35.22,10.93,19.03
b,6.88,0.00,31.17,39.27,14.98,23.08
c,27.13,31.17,0.00,23.08,31.17,39.27
d,35.22,39.27,23.08,0.00,39.27,39.27
e,10.93,14.98,31.17,39.27,0.00,8.13
f,19.03,23.08,39.27,39.27,8.13,0.00
