,a,b,c,d,e,f
a,0.00,5.88,12.28,16.67,13.73,17.65
b,5.88,0.00,7.89,12.28,9.80,13.73
c,12.28,7.89,0.00,13.73,16.67,21.05
d,16.67,12.28,13.73,0.00,21.05,25.44
e,13.73,9.80,16.67,21.05,0.00,5.88
f,17.65,13.73,21.05,25.44,5.88,0.00
