,a,b,c,d,e,f
a,0.00,24.53,54.55,34.50,31.82,24.53
b,24.53,0.00,50.00,38.86,45.45,35.85
c,54.55,50.00,0.00,34.78,77.14,59.09
d,34.50,38.86,34.78,0.00,53.37,47.60
e,31.82,45.45,77.14,53.37,0.00,19.03
f,24.53,35.85,59.09,47.60,19.03,0.00
