,a,b,c,d,e,f
a,0.00,9.09,25.62,21.49,19.64,24.11
b,9.09,0.00,21.49,17.36,15.18,19.64
c,25.62,21.49,0.00,15.38,25.62,29.75
d,21.49,17.36,15.38,0.00,21.49,25.62
e,19.64,15.18,25.62,21.49,0.00,23.34
f,24.11,19.64,29.75,25.62,23.34,0.00
