,a,b,c,d,e,f
a,0.00,10.16,14.06,17.97,31.17,32.77
b,10.16,0.00,17.97,17.97,31.17,28.57
c,14.06,17.97,0.00,17.97,31.17,32.77
d,17.97,17.97,17.97,0.00,31.17,32.77
e,31.17,31.17,31.17,31.17,0.00,15.97
f,32.77,28.57,32.77,32.77,15.97,0.00
