,a,b,c,d,e,f
a,0.00,21.95,18.10,12.86,27.15,25.31
b,21.95,0.00,15.89,11.21,31.25,25.23
c,18.10,15.89,0.00,4.56,18.75,25.31
d,12.86,11.21,4.56,0.00,18.75,20.00
e,27.15,31.25,18.75,18.75,0.00,18.75
f,25.31,25.23,25.31,20.00,18.75,0.00
