,a,b,c,d,e,f
a,0.00,13.49,22.13,22.13,26.23,9.84
b,13.49,0.00,31.91,31.91,38.05,20.35
c,22.13,31.91,0.00,26.23,35.48,26.27
d,22.13,31.91,26.23,0.00,44.70,26.27
e,26.23,38.05,35.48,44.70,0.00,26.23
f,9.84,20.35,26.27,26.27,26.23,0.00
