,a,b,c,d,e,f
a,0.00,20.00,38.78,32.00,28.25,39.66
b,20.00,0.00,37.22,27.80,28.00,38.22
c,38.78,37.22,0.00,23.77,28.57,31.71
d,32.00,27.80,23.77,0.00,24.00,30.50
e,28.25,28.00,28.57,24.00,0.00,12.00
f,39.66,38.22,31.71,30.50,12.00,0.00
