,a,b,c,d,e,f
a,0.00,13.04,20.95,17.00,24.90,20.95
b,13.04,0.00,24.90,20.95,28.85,24.90
c,20.95,24.90,0.00,9.09,24.90,13.04
d,17.00,20.95,9.09,0.00,20.95,17.00
e,24.90,28.85,24.90,20.95,0.00,21.43
f,20.95,24.90,13.04,17.00,21.43,0.00
