,a,b,c,d,e,f
a,0.00,4.46,10.83,12.35,32.27,24.11
b,4.46,0.00,14.01,16.33,36.25,28.57
c,10.83,14.01,0.00,16.33,36.25,33.04
d,12.35,16.33,16.33,0.00,35.62,32.04
e,32.27,36.25,36.25,35.62,0.00,9.87
f,24.11,28.57,33.04,32.04,9.87,0.00
