,a,b,c,d,e,f
a,0.00,20.35,18.27,14.89,34.67,29.65
b,20.35,0.00,10.53,12.44,33.70,28.18
c,18.27,10.53,0.00,6.38,21.66,17.05
d,14.89,12.44,6.38,0.00,26.27,21.66
e,34.67,33.70,21.66,26.27,0.00,21.66
f,29.65,28.18,17.05,21.66,21.66,0.00
