,a,b,c,d,e,f
a,0.00,25.58,35.29,29.41,20.21,20.21
b,25.58,0.00,49.24,39.09,34.88,34.88
c,35.29,49.24,0.00,18.78,47.06,47.06
d,29.41,39.09,18.78,0.00,47.06,47.06
e,20.21,34.88,47.06,47.06,0.00,5.58
f,20.21,34.88,47.06,47.06,5.58,0.00
