,a,b,c,d,e,f
a,0.00,19.05,42.86,36.78,50.82,45.36
b,19.05,0.00,31.82,21.05,36.71,32.49
c,42.86,31.82,0.00,16.67,32.49,28.27
d,36.78,21.05,16.67,0.00,29.82,25.44
e,50.82,36.71,32.49,29.82,0.00,10.65
f,45.36,32.49,28.27,25.44,10.65,0.00
