,a,b,c,d,e,f
a,0.00,9.68,12.90,22.58,17.97,25.78
b,9.68,0.00,3.23,12.90,10.16,17.97
c,12.90,3.23,0.00,9.68,14.06,21.88
d,22.58,12.90,9.68,0.00,14.06,21.88
e,17.97,10.16,14.06,14.06,0.00,10.16
f,25.78,17.97,21.88,21.88,10.16,0.00
