,a,b,c,d,e,f
a,0.00,19.08,17.68,17.68,43.32,43.23
b,19.08,0.00,19.35,19.35,39.27,38.86
c,17.68,19.35,0.00,2.44,39.27,38.86
d,17.68,19.35,2.44,0.00,39.27,38.86
e,43.32,39.27,39.27,39.27,0.00,28.91
f,43.23,38.86,38.86,38.86,28.91,0.00
