,a,b,c,d,e,f
a,0.00,10.34,4.48,10.45,15.44,26.47
b,10.34,0.00,10.34,13.79,20.70,33.92
c,4.48,10.34,0.00,10.45,15.44,26.47
d,10.45,13.79,10.45,0.00,19.12,30.15
e,15.44,20.70,15.44,19.12,0.00,19.12
f,26.47,33.92,26.47,30.15,19.12,0.00
