,a,b,c,d,e,f
a,0.00,12.62,9.57,9.57,36.17,27.18
b,12.62,0.00,4.26,4.26,30.85,17.48
c,9.57,4.26,0.00,4.26,27.37,20.21
d,9.57,4.26,4.26,0.00,27.37,20.21
e,36.17,30.85,27.37,27.37,0.00,22.33
f,27.18,17.48,20.21,20.21,22.33,0.00
