,a,b,c,d,e,f
a,0.00,23.64,37.24,33.05,26.07,26.07
b,23.64,0.00,24.69,20.50,14.40,14.40
c,37.24,24.69,0.00,7.26,24.69,24.69
d,33.05,20.50,7.26,0.00,20.50,20.50
e,26.07,14.40,24.69,20.50,0.00,2.72
f,26.07,14.40,24.69,20.50,2.72,0.00
