,a,b,c,d,e,f
a,0.00,18.92,22.41,18.92,29.91,31.25
b,18.92,0.00,26.72,22.78,34.58,37.50
c,22.41,26.72,0.00,12.00,30.48,36.62
d,18.92,22.78,12.00,0.00,25.23,37.50
e,29.91,34.58,30.48,25.23,0.00,25.00
f,31.25,37.50,36.62,37.50,25.00,0.00
