,a,b,c,d,e,f
a,0.00,12.66,30.13,34.50,30.69,25.76
b,12.66,0.00,34.50,38.86,35.64,30.13
c,30.13,34.50,0.00,7.53,36.97,35.85
d,34.50,38.86,7.53,0.00,41.18,39.62
e,30.69,35.64,36.97,41.18,0.00,20.17
f,25.76,30.13,35.85,39.62,20.17,0.00
