,a,b,c,d,e,f
a,0.00,23.39,22.18,18.29,43.55,39.52
b,23.39,0.00,21.74,17.39,41.18,36.65
c,22.18,21.74,0.00,3.97,31.45,27.42
d,18.29,17.39,3.97,0.00,27.42,23.39
e,43.55,41.18,31.45,27.42,0.00,11.29
f,39.52,36.65,27.42,23.39,11.29,0.00
