,a,b,c,d,e,f
a,0.00,15.66,44.24,36.80,30.23,29.75
b,15.66,0.00,51.67,40.52,34.88,33.88
c,44.24,51.67,0.00,33.09,39.53,38.02
d,36.80,40.52,33.09,0.00,30.23,29.75
e,30.23,34.88,39.53,30.23,0.00,18.45
f,29.75,33.88,38.02,29.75,18.45,0.00
