,a,b,c,d,e,f
a,0.00,7.49,8.75,8.75,20.15,20.15
b,7.49,0.00,11.89,11.89,20.70,16.30
c,8.75,11.89,0.00,4.94,23.95,23.95
d,8.75,11.89,4.94,0.00,23.95,23.95
e,20.15,20.70,23.95,23.95,0.00,20.15
f,20.15,16.30,23.95,23.95,20.15,0.00
