,a,b,c,d,e,f
a,0.00,13.04,17.87,22.22,22.71,37.20
b,13.04,0.00,22.71,27.78,27.54,42.03
c,17.87,22.71,0.00,16.67,32.37,46.86
d,22.22,27.78,16.67,0.00,33.33,50.00
e,22.71,27.54,32.37,33.33,0.00,20.63
f,37.20,42.03,46.86,50.00,20.63,0.00
