,a,b,c,d,e,f
a,0.00,20.14,22.22,22.22,20.63,20.63
b,20.14,0.00,21.92,18.92,12.70,12.70
c,22.22,21.92,0.00,14.29,25.93,25.93
d,22.22,18.92,14.29,0.00,23.08,23.08
e,20.63,12.70,25.93,23.08,0.00,5.72
f,20.63,12.70,25.93,23.08,5.72,0.00
