,a,b,c,d,e,f
a,0.00,18.55,32.13,23.08,23.08,23.08
b,18.55,0.00,32.13,23.08,23.08,23.08
c,32.13,32.13,0.00,18.29,27.42,27.42
d,23.08,23.08,18.29,0.00,15.32,15.32
e,23.08,23.08,27.42,15.32,0.00,6.02
f,23.08,23.08,27.42,15.32,6.02,0.00
