,a,b,c,d,e,f
a,0.00,27.46,29.94,28.57,35.64,35.64
b,27.46,0.00,52.70,37.82,45.65,45.65
c,29.94,52.70,0.00,36.31,49.04,49.04
d,28.57,37.82,36.31,0.00,31.82,31.82
e,35.64,45.65,49.04,31.82,0.00,2.44
f,35.64,45.65,49.04,31.82,2.44,0.00
