,a,b,c,d,e,f
a,0.00,15.20,44.44,34.64,44.44,48.15
b,15.20,0.00,39.81,28.10,40.48,40.74
c,44.44,39.81,0.00,28.57,44.44,44.44
d,34.64,28.10,28.57,0.00,40.74,40.74
e,44.44,40.48,44.44,40.74,0.00,16.67
f,48.15,40.74,44.44,40.74,16.67,0.00
