,a,b,c,d,e,f
a,0.00,21.05,16.32,9.77,21.05,26.09
b,21.05,0.00,24.69,17.29,28.57,30.43
c,16.32,24.69,0.00,12.13,20.50,29.25
d,9.77,17.29,12.13,0.00,17.29,21.74
e,21.05,28.57,20.50,17.29,0.00,8.45
f,26.09,30.43,29.25,21.74,8.45,0.00
