,a,b,c,d,e,f
a,0.00,15.56,11.11,16.67,22.71,33.33
b,15.56,0.00,11.11,16.67,22.71,33.33
c,11.11,11.11,0.00,10.26,20.00,30.04
d,16.67,16.67,10.26,0.00,25.93,31.62
e,22.71,22.71,20.00,25.93,0.00,25.93
f,33.33,33.33,30.04,31.62,25.93,0.00
