,a,b,c,d,e,f
a,0.00,11.03,25.27,11.03,22.02,26.61
b,11.03,0.00,26.42,13.04,23.73,27.97
c,25.27,26.42,0.00,22.08,26.53,26.53
d,11.03,13.04,22.08,0.00,22.45,26.53
e,22.02,23.73,26.53,22.45,0.00,26.47
f,26.61,27.97,26.53,26.53,26.47,0.00
