,a,b,c,d,e,f
a,0.00,24.90,23.40,23.40,23.40,23.40
b,24.90,0.00,22.13,18.03,18.03,18.03
c,23.40,22.13,0.00,11.44,15.13,15.13
d,23.40,18.03,11.44,0.00,11.44,11.44
e,23.40,18.03,15.13,11.44,0.00,7.75
f,23.40,18.03,15.13,11.44,7.75,0.00
