,a,b,c,d,e,f
a,0.00,11.60,26.47,26.47,11.60,19.12
b,11.60,0.00,18.60,24.42,11.50,17.13
c,26.47,18.60,0.00,26.32,26.32,24.14
d,26.47,24.42,26.32,0.00,26.32,24.14
e,11.60,11.50,26.32,26.32,0.00,7.83
f,19.12,17.13,24.14,24.14,7.83,0.00
