,a,b,c,d,e,f
a,0.00,14.40,24.32,17.53,21.74,22.18
b,14.40,0.00,29.73,22.68,21.74,18.29
c,24.32,29.73,0.00,13.51,28.14,29.73
d,17.53,22.68,13.51,0.00,22.16,22.68
e,21.74,21.74,28.14,22.16,0.00,4.35
f,22.18,18.29,29.73,22.68,4.35,0.00
