,a,b,c,d,e,f
a,0.00,14.80,21.95,26.83,17.07,17.07
b,14.80,0.00,24.00,28.00,12.00,12.00
c,21.95,24.00,0.00,14.04,20.00,12.00
d,26.83,28.00,14.04,0.00,24.00,16.00
e,17.07,12.00,20.00,24.00,0.00,14.18
f,17.07,12.00,12.00,16.00,14.18,0.00
