,a,b,c,d,e,f
a,0.00,9.48,13.79,13.79,22.41,22.41
b,9.48,0.00,18.92,18.92,22.78,22.78
c,13.79,18.92,0.00,9.09,30.50,26.64
d,13.79,18.92,9.09,0.00,30.50,26.64
e,22.41,22.78,30.50,30.50,0.00,11.20
f,22.41,22.78,26.64,26.64,11.20,0.00
