,a,b,c,d,e,f
a,0.00,18.70,18.03,18.03,15.61,13.24
b,18.70,0.00,23.50,23.50,28.27,31.51
c,18.03,23.50,0.00,6.25,28.96,27.27
d,18.03,23.50,6.25,0.00,28.96,27.27
e,15.61,28.27,28.96,28.96,0.00,13.24
f,13.24,31.51,27.27,27.27,13.24,0.00
