,a,b,c,d,e,f
a,0.00,23.37,28.89,27.35,35.90,37.78
b,23.37,0.00,16.67,15.71,27.20,28.57
c,28.89,16.67,0.00,3.70,12.70,13.58
d,27.35,15.71,3.70,0.00,15.71,16.67
e,35.90,27.20,12.70,15.71,0.00,2.36
f,37.78,28.57,13.58,16.67,2.36,0.00
