,a,b,c,d,e,f
a,0.00,22.16,28.87,24.69,23.08,23.08
b,22.16,0.00,22.16,22.16,32.89,32.89
c,28.87,22.16,0.00,9.09,32.13,32.13
d,24.69,22.16,9.09,0.00,23.08,27.60
e,23.08,32.89,32.13,23.08,0.00,22.18
f,23.08,32.89,32.13,27.60,22.18,0.00
