,a,b,c,d,e,f
a,0.00,6.75,33.85,26.05,32.33,41.63
b,6.75,0.00,37.74,29.26,36.09,45.53
c,33.85,37.74,0.00,17.22,37.24,43.48
d,26.05,29.26,17.22,0.00,28.57,37.74
e,32.33,36.09,37.24,28.57,0.00,22.18
f,41.63,45.53,43.48,37.74,22.18,0.00
