,a,b,c,d,e,f
a,0.00,7.34,21.16,28.25,43.82,34.36
b,7.34,0.00,14.44,28.99,43.82,41.46
c,21.16,14.44,0.00,31.71,50.00,41.91
d,28.25,28.99,31.71,0.00,50.70,41.70
e,43.82,43.82,50.00,50.70,0.00,26.97
f,34.36,41.46,41.91,41.70,26.97,0.00
