,a,b,c,d,e,f
a,0.00,15.19,27.71,27.71,52.61,22.73
b,15.19,0.00,25.74,20.79,37.50,9.43
c,27.71,25.74,0.00,15.84,43.01,20.79
d,27.71,20.79,15.84,0.00,48.19,15.84
e,52.61,37.50,43.01,48.19,0.00,33.59
f,22.73,9.43,20.79,15.84,33.59,0.00
