,a,b,c,d,e,f
a,0.00,22.08,37.50,42.86,40.68,35.36
b,22.08,0.00,30.15,34.69,40.68,31.56
c,37.50,30.15,0.00,20.15,44.95,34.69
d,42.86,34.69,20.15,0.00,47.64,35.78
e,40.68,40.68,44.95,47.64,0.00,24.14
f,35.36,31.56,34.69,35.78,24.14,0.00
