,a,b,c,d,e,f
a,0.00,16.26,21.18,21.18,35.96,31.03
b,16.26,0.00,14.40,14.40,18.29,14.40
c,21.18,14.40,0.00,10.51,26.07,18.29
d,21.18,14.40,10.51,0.00,26.07,18.29
e,35.96,18.29,26.07,26.07,0.00,18.29
f,31.03,14.40,18.29,18.29,18.29,0.00
