,a,b,c,d,e,f
a,0.00,17.29,36.09,33.96,27.42,32.33
b,17.29,0.00,36.09,19.81,27.42,21.05
c,36.09,36.09,0.00,27.60,43.55,43.61
d,33.96,19.81,27.60,0.00,43.30,33.96
e,27.42,27.42,43.55,43.30,0.00,22.83
f,32.33,21.05,43.61,33.96,22.83,0.00
