,a,b,c,d,e,f
a,0.00,13.04,17.00,13.04,13.04,13.04
b,13.04,0.00,19.85,4.58,12.21,12.21
c,17.00,19.85,0.00,19.85,27.48,27.48
d,13.04,4.58,19.85,0.00,12.21,12.21
e,13.04,12.21,27.48,12.21,0.00,4.58
f,13.04,12.21,27.48,12.21,4.58,0.00
