,a,b,c,d,e,f
a,0.00,21.57,36.27,40.48,31.37,33.33
b,21.57,0.00,36.27,40.48,31.37,33.33
c,36.27,36.27,0.00,16.67,26.47,28.21
d,40.48,40.48,16.67,0.00,28.57,30.82
e,31.37,31.37,26.47,28.57,0.00,23.69
f,33.33,33.33,28.21,30.82,23.69,0.00
