,a,b,c,d,e,f
a,0.00,19.49,27.97,27.97,40.68,42.58
b,19.49,0.00,21.26,33.07,37.01,38.33
c,27.97,21.26,0.00,17.32,21.26,20.70
d,27.97,33.07,17.32,0.00,33.07,33.92
e,40.68,37.01,21.26,33.07,0.00,27.97
f,42.58,38.33,20.70,33.92,27.97,0.00
