,a,b,c,d,e,f
a,0.00,3.77,26.07,29.25,23.39,31.45
b,3.77,0.00,24.69,27.84,26.09,30.43
c,26.07,24.69,0.00,23.08,26.07,22.18
d,29.25,27.84,23.08,0.00,23.08,23.08
e,23.39,26.09,26.07,23.08,0.00,10.51
f,31.45,30.43,22.18,23.08,10.51,0.00
