,a,b,c,d,e,f
a,0.00,9.87,10.71,15.18,46.60,46.60
b,9.87,0.00,10.71,15.18,46.60,46.60
c,10.71,10.71,0.00,19.64,41.75,41.75
d,15.18,15.18,19.64,0.00,51.46,51.46
e,46.60,46.60,41.75,51.46,0.00,21.49
f,46.60,46.60,41.75,51.46,21.49,0.00
