,a,b,c,d,e,f
a,0.00,18.70,21.57,21.57,42.98,34.21
b,18.70,0.00,27.84,27.84,35.61,28.03
c,21.57,27.84,0.00,6.67,30.40,23.08
d,21.57,27.84,6.67,0.00,30.40,23.08
e,42.98,35.61,30.40,30.40,0.00,18.44
f,34.21,28.03,23.08,23.08,18.44,0.00
