,a,b,c,d,e,f
a,0.00,26.70,13.88,9.09,22.58,23.44
b,26.70,0.00,21.47,21.47,19.71,26.70
c,13.88,21.47,0.00,9.45,15.00,25.20
d,9.09,21.47,9.45,0.00,20.00,21.26
e,22.58,19.71,15.00,20.00,0.00,11.89
f,23.44,26.70,25.20,21.26,11.89,0.00
