,a,b,c,d,e,f
a,0.00,19.08,19.08,19.08,26.83,30.64
b,19.08,0.00,19.08,24.86,26.83,30.64
c,19.08,19.08,0.00,6.78,7.49,11.02
d,19.08,24.86,6.78,0.00,11.89,15.25
e,26.83,26.83,7.49,11.89,0.00,6.12
f,30.64,30.64,11.02,15.25,6.12,0.00
