,a,b,c,d,e,f
a,0.00,18.29,22.18,37.74,41.63,41.63
b,18.29,0.00,18.29,29.96,41.63,41.63
c,22.18,18.29,0.00,29.96,33.85,33.85
d,37.74,29.96,29.96,0.00,57.20,53.31
e,41.63,41.63,33.85,57.20,0.00,22.18
f,41.63,41.63,33.85,53.31,22.18,0.00
