,a,b,c,d,e,f
a,0.00,22.08,27.59,39.80,34.69,34.69
b,22.08,0.00,44.83,53.18,51.02,51.02
c,27.59,44.83,0.00,27.44,37.01,37.01
d,39.80,53.18,27.44,0.00,39.16,39.16
e,34.69,51.02,37.01,39.16,0.00,22.79
f,34.69,51.02,37.01,39.16,22.79,0.00
