,a,b,c,d,e,f
a,0.00,17.03,20.79,17.03,17.03,25.76
b,17.03,0.00,10.89,8.30,8.30,21.40
c,20.79,10.89,0.00,7.56,11.76,28.57
d,17.03,8.30,7.56,0.00,9.43,24.53
e,17.03,8.30,11.76,9.43,0.00,20.75
f,25.76,21.40,28.57,24.53,20.75,0.00
