,a,b,c,d,e,f
a,0.00,3.51,10.45,12.28,27.08,23.81
b,3.51,0.00,10.45,12.28,27.08,23.81
c,10.45,10.45,0.00,15.42,39.39,34.43
d,12.28,12.28,15.42,0.00,32.29,28.57
e,27.08,27.08,39.39,32.29,0.00,12.57
f,23.81,23.81,34.43,28.57,12.57,0.00
