,a,b,c,d,e,f
a,0.00,15.06,39.66,31.03,22.78,25.31
b,15.06,0.00,39.66,31.03,34.36,25.31
c,39.66,39.66,0.00,18.10,43.97,48.60
d,31.03,31.03,18.10,0.00,39.66,39.25
e,22.78,34.36,43.97,39.66,0.00,32.00
f,25.31,25.31,48.60,39.25,32.00,0.00
