,a,b,c,d,e,f
a,0.00,16.11,37.27,29.89,34.43,40.43
b,16.11,0.00,26.20,18.82,30.33,36.17
c,37.27,26.20,0.00,12.75,33.58,38.93
d,29.89,18.82,12.75,0.00,26.20,31.30
e,34.43,30.33,33.58,26.20,0.00,21.82
f,40.43,36.17,38.93,31.30,21.82,0.00
