,a,b,c,d,e,f
a,0.00,13.46,14.89,14.89,26.23,32.69
b,13.46,0.00,20.35,15.93,33.63,35.48
c,14.89,20.35,0.00,9.09,36.17,40.09
d,14.89,15.93,9.09,0.00,36.17,40.09
e,26.23,33.63,36.17,36.17,0.00,20.35
f,32.69,35.48,40.09,40.09,20.35,0.00
