,a,b,c,d,e,f
a,0.00,26.75,22.60,20.42,24.46,20.86
b,26.75,0.00,38.46,36.31,39.53,34.88
c,22.60,38.46,0.00,22.60,33.04,28.57
d,20.42,36.31,22.60,0.00,20.86,17.27
e,24.46,39.53,33.04,20.86,0.00,13.67
f,20.86,34.88,28.57,17.27,13.67,0.00
