,a,b,c,d,e,f
a,0.00,2.44,12.00,20.00,21.35,19.79
b,2.44,0.00,12.20,17.07,17.29,25.00
c,12.00,12.20,0.00,16.00,26.97,25.13
d,20.00,17.07,16.00,0.00,21.35,30.48
e,21.35,17.29,26.97,21.35,0.00,24.81
f,19.79,25.00,25.13,30.48,24.81,0.00
