,a,b,c,d,e,f
a,0.00,14.56,28.85,42.31,22.13,30.33
b,14.56,0.00,20.95,32.69,13.93,22.13
c,28.85,20.95,0.00,37.50,27.66,36.17
d,42.31,32.69,37.50,0.00,21.05,26.32
e,22.13,13.93,27.66,21.05,0.00,13.93
f,30.33,22.13,36.17,26.32,13.93,0.00
