,a,b,c,d,e,f
a,0.00,14.73,34.11,41.18,37.98,30.23
b,14.73,0.00,30.23,36.27,37.98,26.36
c,34.11,30.23,0.00,21.57,41.86,37.98
d,41.18,36.27,21.57,0.00,50.98,36.27
e,37.98,37.98,41.86,50.98,0.00,22.48
f,30.23,26.36,37.98,36.27,22.48,0.00
