,a,b,c,d,e,f
a,0.00,7.69,9.09,3.85,7.69,6.98
b,7.69,0.00,13.22,7.69,11.54,11.63
c,9.09,13.22,0.00,9.09,13.22,13.71
d,3.85,7.69,9.09,0.00,7.69,6.98
e,7.69,11.54,13.22,7.69,0.00,11.63
f,6.98,11.63,13.71,6.98,11.63,0.00
