,a,b,c,d,e,f
a,0.00,13.86,29.58,17.60,21.35,25.09
b,13.86,0.00,34.27,21.35,25.09,25.09
c,29.58,34.27,0.00,15.49,24.88,20.19
d,17.60,21.35,15.49,0.00,17.60,17.60
e,21.35,25.09,24.88,17.60,0.00,14.45
f,25.09,25.09,20.19,17.60,14.45,0.00
