,a,b,c,d,e,f
a,0.00,7.51,24.86,23.08,20.00,25.11
b,7.51,0.00,16.13,29.69,20.73,24.86
c,24.86,16.13,0.00,16.13,16.13,12.09
d,23.08,29.69,16.13,0.00,22.58,21.47
e,20.00,20.73,16.13,22.58,0.00,17.43
f,25.11,24.86,12.09,21.47,17.43,0.00
