,a,b,c,d,e,f
a,0.00,5.94,20.86,28.06,15.84,20.79
b,5.94,0.00,20.86,28.06,10.89,15.84
c,20.86,20.86,0.00,28.06,28.06,35.25
d,28.06,28.06,28.06,0.00,28.06,35.25
e,15.84,10.89,28.06,28.06,0.00,4.55
f,20.79,15.84,35.25,35.25,4.55,0.00
