,a,b,c,d,e,f
a,0.00,6.54,17.07,31.71,20.56,15.89
b,6.54,0.00,17.01,25.31,20.00,16.00
c,17.07,17.01,0.00,12.86,21.16,17.01
d,31.71,25.31,12.86,0.00,33.61,29.46
e,20.56,20.00,21.16,33.61,0.00,4.00
f,15.89,16.00,17.01,29.46,4.00,0.00
