,a,b,c,d,e,f
a,0.00,12.00,22.54,39.13,28.00,24.00
b,12.00,0.00,29.58,47.83,40.00,36.00
c,22.54,29.58,0.00,39.13,36.62,43.66
d,39.13,47.83,39.13,0.00,39.13,47.83
e,28.00,40.00,36.62,39.13,0.00,20.00
f,24.00,36.00,43.66,47.83,20.00,0.00
