,a,b,c,d,e,f
a,0.00,8.71,21.16,12.86,26.83,34.91
b,8.71,0.00,16.00,8.00,25.23,32.58
c,21.16,16.00,0.00,8.00,29.91,26.97
d,12.86,8.00,8.00,0.00,20.56,26.97
e,26.83,25.23,29.91,20.56,0.00,15.73
f,34.91,32.58,26.97,26.97,15.73,0.00
