,a,b,c,d,e,f
a,0.00,13.39,33.07,29.13,40.94,40.94
b,13.39,0.00,25.20,17.32,29.13,29.13
c,33.07,25.20,0.00,13.39,29.13,29.13
d,29.13,17.32,13.39,0.00,21.26,21.26
e,40.94,29.13,29.13,21.26,0.00,5.51
f,40.94,29.13,29.13,21.26,5.51,0.00
