,a,b,c,d,e,f
a,0.00,6.40,26.11,16.26,32.89,38.93
b,6.40,0.00,26.11,16.26,32.89,38.93
c,26.11,26.11,0.00,16.26,26.17,31.30
d,16.26,16.26,16.26,0.00,19.46,23.66
e,32.89,32.89,26.17,19.46,0.00,13.04
f,38.93,38.93,31.30,23.66,13.04,0.00
