,a,b,c,d,e,f
a,0.00,16.67,38.27,20.63,48.41,37.78
b,16.67,0.00,44.44,30.04,54.73,42.22
c,38.27,44.44,0.00,20.14,52.38,33.33
d,20.63,30.04,20.14,0.00,34.87,27.35
e,48.41,54.73,52.38,34.87,0.00,18.80
f,37.78,42.22,33.33,27.35,18.80,0.00
