,a,b,c,d,e,f
a,0.00,16.30,13.88,17.32,17.32,17.32
b,16.30,0.00,18.66,25.11,20.70,20.70
c,13.88,18.66,0.00,9.09,18.66,18.66
d,17.32,25.11,9.09,0.00,25.20,25.20
e,17.32,20.70,18.66,25.20,0.00,5.51
f,17.32,20.70,18.66,25.20,5.51,0.00
