,a,b,c,d,e,f
a,0.00,18.64,26.64,30.50,29.46,25.31
b,18.64,0.00,26.57,30.07,40.30,36.57
c,26.64,26.57,0.00,9.09,36.57,32.84
d,30.50,30.07,9.09,0.00,40.30,36.57
e,29.46,40.30,36.57,40.30,0.00,21.79
f,25.31,36.57,32.84,36.57,21.79,0.00
