,a,b,c,d,e,f
a,0.00,19.71,22.26,22.26,29.69,21.88
b,19.71,0.00,30.66,30.66,31.17,27.13
c,22.26,30.66,0.00,14.38,43.40,28.30
d,22.26,30.66,14.38,0.00,43.40,35.85
e,29.69,31.17,43.40,43.40,0.00,18.73
f,21.88,27.13,28.30,35.85,18.73,0.00
