,a,b,c,d,e,f
a,0.00,17.43,12.55,7.49,15.25,15.25
b,17.43,0.00,26.61,21.47,21.47,21.47
c,12.55,26.61,0.00,13.79,23.73,23.73
d,7.49,21.47,13.79,0.00,20.00,20.00
e,15.25,21.47,23.73,20.00,0.00,15.25
f,15.25,21.47,23.73,20.00,15.25,0.00
