,a,b,c,d,e,f
a,0.00,2.91,25.53,32.96,23.86,36.17
b,2.91,0.00,21.49,27.04,28.29,38.02
c,25.53,21.49,0.00,14.16,35.62,46.43
d,32.96,27.04,14.16,0.00,41.96,48.84
e,23.86,28.29,35.62,41.96,0.00,9.09
f,36.17,38.02,46.43,48.84,9.09,0.00
