,a,b,c,d,e,f
a,0.00,9.09,17.00,10.71,36.76,28.85
b,9.09,0.00,15.93,9.09,42.48,33.63
c,17.00,15.93,0.00,5.14,33.63,24.78
d,10.71,9.09,5.14,0.00,32.81,24.90
e,36.76,42.48,33.63,32.81,0.00,9.09
f,28.85,33.63,24.78,24.90,9.09,0.00
