,a,b,c,d,e,f
a,0.00,17.65,41.18,41.18,50.31,50.31
b,17.65,0.00,41.18,41.18,44.10,44.10
c,41.18,41.18,0.00,4.96,33.88,38.02
d,41.18,41.18,4.96,0.00,33.04,33.04
e,50.31,44.10,33.88,33.04,0.00,4.96
f,50.31,44.10,38.02,33.04,4.96,0.00
