,a,b,c,d,e,f
a,0.00,13.04,20.29,25.00,31.73,20.29
b,13.04,0.00,16.67,20.83,27.71,16.67
c,20.29,16.67,0.00,20.83,23.69,20.29
d,25.00,20.83,20.83,0.00,20.83,20.83
e,31.73,27.71,23.69,20.83,0.00,27.71
f,20.29,16.67,20.29,20.83,27.71,0.00
