,a,b,c,d,e,f
a,0.00,19.58,32.74,33.61,36.57,36.57
b,19.58,0.00,23.77,25.31,29.10,29.10
c,32.74,23.77,0.00,17.91,46.19,46.19
d,33.61,25.31,17.91,0.00,41.91,41.91
e,36.57,29.10,46.19,41.91,0.00,5.59
f,36.57,29.10,46.19,41.91,5.59,0.00
