,a,b,c,d,e,f
a,0.00,11.56,20.83,18.60,23.42,25.00
b,11.56,0.00,16.67,14.73,27.93,25.00
c,20.83,16.67,0.00,12.50,21.57,18.92
d,18.60,14.73,12.50,0.00,18.92,12.50
e,23.42,27.93,21.57,18.92,0.00,9.91
f,25.00,25.00,18.92,12.50,9.91,0.00
