,a,b,c,d,e,f
a,0.00,14.29,13.88,6.78,14.29,14.29
b,14.29,0.00,30.00,20.70,23.73,23.73
c,13.88,30.00,0.00,13.88,25.00,20.00
d,6.78,20.70,13.88,0.00,11.89,11.89
e,14.29,23.73,25.00,11.89,0.00,10.20
f,14.29,23.73,20.00,11.89,10.20,0.00
