,a,b,c,d,e,f
a,0.00,19.49,32.20,45.00,37.80,36.44
b,19.49,0.00,27.76,33.92,29.52,35.36
c,32.20,27.76,0.00,16.30,47.14,46.77
d,45.00,33.92,16.30,0.00,52.88,47.14
e,37.80,29.52,47.14,52.88,0.00,29.52
f,36.44,35.36,46.77,47.14,29.52,0.00
