,a,b,c,d,e,f
a,0.00,4.56,8.71,8.71,29.46,25.23
b,4.56,0.00,12.86,12.86,33.61,29.91
c,8.71,12.86,0.00,0.41,37.76,29.91
d,8.71,12.86,0.41,0.00,37.76,29.91
e,29.46,33.61,37.76,37.76,0.00,20.56
f,25.23,29.91,29.91,29.91,20.56,0.00
