,a,b,c,d,e,f
a,0.00,19.12,22.79,24.86,33.07,36.44
b,19.12,0.00,19.12,19.08,37.01,40.68
c,22.79,19.12,0.00,19.08,33.07,36.44
d,24.86,19.08,19.08,0.00,48.39,54.84
e,33.07,37.01,33.07,48.39,0.00,19.49
f,36.44,40.68,36.44,54.84,19.49,0.00
