,a,b,c,d,e,f
a,0.00,8.75,16.35,35.78,26.53,30.61
b,8.75,0.00,11.03,33.92,27.76,23.95
c,16.35,11.03,0.00,23.73,27.76,27.76
d,35.78,33.92,23.73,0.00,42.73,47.14
e,26.53,27.76,27.76,42.73,0.00,23.95
f,30.61,23.95,27.76,47.14,23.95,0.00
