,a,b,c,d,e,f
a,0.00,8.37,13.67,13.67,16.33,12.35
b,8.37,0.00,7.69,7.69,22.75,14.16
c,13.67,7.69,0.00,9.41,26.92,15.38
d,13.67,7.69,9.41,0.00,26.92,15.38
e,16.33,22.75,26.92,26.92,0.00,14.01
f,12.35,14.16,15.38,15.38,14.01,0.00
