,a,b,c,d,e,f
a,0.00,14.06,21.88,25.74,25.74,25.71
b,14.06,0.00,33.59,35.64,40.59,42.86
c,21.88,33.59,0.00,10.93,25.74,25.71
d,25.74,35.64,10.93,0.00,23.91,29.94
e,25.74,40.59,25.74,23.91,0.00,14.29
f,25.71,42.86,25.71,29.94,14.29,0.00
