,a,b,c,d,e,f
a,0.00,12.13,8.70,13.04,14.03,9.50
b,12.13,0.00,12.13,16.32,14.03,9.50
c,8.70,12.13,0.00,5.45,7.95,3.77
d,13.04,16.32,5.45,0.00,12.13,7.95
e,14.03,14.03,7.95,12.13,0.00,6.61
f,9.50,9.50,3.77,7.95,6.61,0.00
